 25                                            8.687  8.603  6.697 10.281  9.013
 24                                           13.695 13.661 10.751 16.103 14.207
 23                                           34.228 34.402 28.156 38.928 35.308
 22                                           39.826 40.169 33.239 44.916 40.771
 21                                           42.289 42.182 35.294 46.696 42.925
 20                                           44.558 44.040 37.497 48.040 44.770
 19                                           46.043 45.485 38.967 48.701 45.928
 18                                           46.880 46.386 39.895 48.391 46.501
 17                                           47.949 47.367 40.768 48.351 47.358
 16                                           47.402 46.495 39.521 47.114 46.681
 15                                           48.431 47.431 40.194 47.674 47.593
 14                                           49.226 48.299 40.936 47.818 48.297
 13                                           51.085 50.094 42.245 49.299 49.913
 12                                           52.200 51.959 43.628 51.138 50.850
 11                                           52.985 52.713 44.169 52.027 51.425
 10                                           54.151 52.917 44.687 53.086 52.128
  9                                           55.003 53.088 44.916 53.712 52.073
  8                                           55.544 53.120 44.910 53.983 52.260
  7                                           56.149 53.339 44.834 54.348 52.766
  6                                           56.924 53.790 44.720 54.851 53.378
  5                                           57.014 53.822 44.279 54.907 53.531
  4                                           54.956 52.684 43.078 53.602 52.374
  3                                           50.146 48.573 39.634 49.257 48.121
  2                                           39.953 38.698 31.477 39.183 38.361
  1                                           11.415 10.985  8.657 11.203 10.897
 25                              7.666  8.871  2.877  3.746  3.754  2.482  6.002
 24                             12.242 14.028  4.477  5.751  5.761  3.925  9.817
 23                             31.307 34.849 12.297 15.485 15.496 10.870 26.337
 22                             36.619 40.121 14.493 18.059 18.063 12.873 31.285
 21                             38.436 41.979 14.389 18.091 18.009 12.698 33.482
 20                             40.747 44.096 15.426 18.922 18.292 13.598 35.679
 19                             42.466 45.267 16.273 18.678 18.654 14.355 37.218
 18                             43.629 45.336 16.836 18.590 18.838 14.879 38.258
 17                             44.976 46.040 17.447 18.785 18.975 15.458 39.402
 16                             44.814 45.391 17.476 18.389 18.054 15.481 38.995
 15                             46.049 46.329 17.995 18.629 18.149 15.940 40.068
 14                             46.996 47.098 18.314 18.716 18.251 16.217 41.018
 13                             48.563 48.770 19.093 19.181 18.735 16.866 42.465
 12                             50.027 50.613 19.675 19.387 18.970 17.357 43.551
 11                             50.837 51.455 20.322 19.600 19.226 17.972 44.357
 10                             51.909 52.502 21.956 20.685 20.364 19.670 45.299
  9                             52.637 53.199 22.850 21.023 20.746 20.751 45.911
  8                             53.094 53.627 23.429 21.126 20.875 21.632 46.399
  7                             53.555 54.152 23.996 21.252 21.016 22.475 46.522
  6                             53.988 54.836 24.551 21.543 21.304 23.386 46.631
  5                             53.690 55.089 24.134 21.729 21.508 24.075 46.439
  4                             51.512 54.064 23.794 21.310 21.157 23.874 45.201
  3                             46.857 49.854 21.712 19.148 19.036 21.392 41.409
  2                             37.099 39.802 16.479 14.505 14.389 16.054 32.760
  1                             10.490 11.385  4.384  3.888  3.852  4.231  8.988
 25                              8.098  2.874  4.732  3.317  3.721  0.000  3.274
 24                             12.885  4.485  7.625  5.140  5.695  0.000  5.049
 23                             32.660 12.327 20.660 14.040 15.193  0.000 13.677
 22                             38.198 14.506 24.514 16.496 17.366  0.000 15.983
 21                             40.187 14.350 25.635 16.379 17.173  0.000 15.842
 20                             42.654 15.323 27.439 17.448 17.756  0.000 16.831
 19                             44.454 16.104 28.710 18.192 18.260  0.000 17.586
 18                             45.620 16.615 29.473 18.571 18.559  0.000 18.008
 17                             46.927 17.190 30.351 19.058 18.912  0.000 18.317
 16                             46.711 17.180 29.991 19.166 18.596  0.000 18.149
 15                             47.793 17.649 30.766 19.688 18.894  0.000 18.474
 14                             48.665 17.906 31.391 19.966 19.053  0.000 18.165
 13                             50.426 18.583 32.746 20.689 19.641  0.000 18.607
 12                             52.184 19.079 34.592 21.158 20.021  0.000 19.006
 11                             53.022 19.676 35.461 21.569 20.373  0.000 19.516
 10                             53.817 21.315 36.408 22.309 21.101  0.000 21.046
  9                             53.896 22.239 36.879 22.821 20.734  0.000 21.815
  8                             53.407 22.873 36.302 22.885 20.730  0.000 22.257
  7                             53.612 23.488 35.640 22.153 20.993  0.000 22.711
  6                             54.239 24.264 35.864 22.276 21.368  0.000 23.306
  5                             54.517 24.721 36.123 22.699 21.529  0.000 23.757
  4                             53.547 23.457 35.452 22.530 20.948  0.000 23.578
  3                             49.482 20.840 32.263 20.253 18.558  0.000 21.321
  2                             39.570 15.709 24.979 15.084 13.817  0.000 16.108
  1                             11.316  4.179  6.572  4.154  3.683  0.000  4.328
 25                       7.199  2.637  3.677  0.000  6.397  0.000  6.551  0.000
 24                      11.610  4.158  6.033  0.000  9.990  0.000 10.622  0.000
 23                      30.222 11.572 16.947  0.000 25.712  0.000 28.033  0.000
 22                      35.553 13.789 20.302  0.000 29.877  0.000 33.245  0.000
 21                      37.483 14.079 21.183  0.000 30.682  0.000 35.358  0.000
 20                      39.692 15.188 22.747  0.000 32.413  0.000 37.445  0.000
 19                      41.119 16.054 23.921  0.000 33.529  0.000 38.634  0.000
 18                      41.932 16.630 24.743  0.000 34.005  0.000 38.852  0.000
 17                      42.907 17.237 25.656  0.000 34.682  0.000 39.361  0.000
 16                      42.480 17.167 25.383  0.000 34.401  0.000 38.625  0.000
 15                      43.566 17.669 26.155  0.000 35.096  0.000 39.533  0.000
 14                      44.510 18.008 26.812  0.000 35.497  0.000 40.376  0.000
 13                      46.034 18.710 27.968  0.000 36.597  0.000 41.808  0.000
 12                      47.508 19.210 29.663  0.000 37.280  0.000 43.331  0.000
 11                      48.332 19.726 30.402  0.000 37.795  0.000 43.976  0.000
 10                      49.241 20.838 31.160  0.000 38.745  0.000 44.607  0.000
  9                      49.724 21.486 31.590  0.000 39.238  0.000 44.946  0.000
  8                      49.871 21.690 31.151  0.000 38.717  0.000 45.039  0.000
  7                      49.968 21.063 31.069  0.000 38.787  0.000 45.052  0.000
  6                      50.084 21.097 31.120  0.000 39.435  0.000 45.047  0.000
  5                      49.880 21.268 30.830  0.000 39.947  0.000 44.736  0.000
  4                      48.666 20.831 29.729  0.000 39.409  0.000 43.559  0.000
  3                      44.706 18.681 26.734  0.000 35.933  0.000 40.124  0.000
  2                      35.522 14.014 20.454  0.000 27.874  0.000 31.843  0.000
  1                       9.921  3.720  5.246  0.000  7.854  0.000  8.729  0.000
 25         8.836  7.008  6.492  2.482  0.000  2.816  0.000  5.497  0.000  4.659
 24        13.989 11.243 10.325  3.920  0.000  4.431  0.000  8.661  0.000  7.448
 23        34.806 29.411 27.315 11.008  0.000 12.254  0.000 22.917  0.000 20.157
 22        39.795 34.665 32.293 13.013  0.000 14.512  0.000 26.424  0.000 23.827
 21        41.375 37.244 34.785 12.839  0.000 14.459  0.000 27.299  0.000 24.789
 20        43.413 39.459 36.799 13.789  0.000 15.490  0.000 28.720  0.000 26.477
 19        44.702 40.888 38.004 14.592  0.000 16.293  0.000 29.473  0.000 27.674
 18        45.392 41.676 38.705 15.154  0.000 16.807  0.000 29.728  0.000 28.390
 17        46.330 42.123 39.466 15.766  0.000 17.392  0.000 30.098  0.000 29.220
 16        45.699 41.459 38.751 15.854  0.000 17.381  0.000 29.251  0.000 28.872
 15        46.636 42.478 39.506 16.358  0.000 17.893  0.000 29.605  0.000 29.595
 14        47.386 43.376 40.274 16.686  0.000 18.201  0.000 29.888  0.000 30.185
 13        49.018 45.029 41.478 17.420  0.000 18.876  0.000 30.819  0.000 31.508
 12        50.882 46.153 42.349 18.069  0.000 19.314  0.000 32.252  0.000 33.335
 11        51.521 46.934 42.822 19.406  0.000 19.775  0.000 32.751  0.000 34.229
 10        51.650 47.810 43.237 20.422  0.000 21.197  0.000 33.336  0.000 35.075
  9        51.732 48.195 43.305 21.286  0.000 21.868  0.000 33.682  0.000 35.056
  8        51.351 47.554 43.060 22.008  0.000 22.052  0.000 33.804  0.000 35.286
  7        51.478 47.363 42.655 22.699  0.000 21.422  0.000 33.908  0.000 35.786
  6        51.921 47.505 42.152 23.418  0.000 21.482  0.000 34.070  0.000 36.422
  5        52.039 47.380 41.338 23.957  0.000 21.826  0.000 33.978  0.000 36.708
  4        51.038 46.154 39.755 23.891  0.000 21.607  0.000 33.122  0.000 36.008
  3        46.942 42.197 36.117 21.771  0.000 19.457  0.000 30.308  0.000 32.962
  2        37.279 33.304 28.462 16.571  0.000 14.590  0.000 23.771  0.000 25.716
  1        10.530  9.164  7.736  4.295  0.000  3.862  0.000  6.298  0.000  6.819
 25         7.798  2.637  5.019  0.000  7.325  0.000  6.599  0.000  3.485  0.000
 24        12.460  4.167  7.965  0.000 11.331  0.000 10.274  0.000  5.355  0.000
 23        31.857 11.627 21.315  0.000 28.584  0.000 26.445  0.000 14.465  0.000
 22        37.301 13.763 24.749  0.000 32.468  0.000 30.849  0.000 16.903  0.000
 21        39.350 13.545 25.445  0.000 33.310  0.000 32.129  0.000 16.851  0.000
 20        41.284 14.486 26.403  0.000 34.558  0.000 33.945  0.000 17.834  0.000
 19        42.065 15.263 26.644  0.000 34.798  0.000 34.956  0.000 18.470  0.000
 18        42.612 15.811 26.666  0.000 34.021  0.000 35.287  0.000 18.776  0.000
 17        43.378 16.472 26.860  0.000 33.840  0.000 35.800  0.000 19.194  0.000
 16        42.697 16.704 25.806  0.000 32.642  0.000 35.145  0.000 19.014  0.000
 15        43.649 17.276 26.041  0.000 32.744  0.000 35.675  0.000 19.394  0.000
 14        44.499 17.634 26.291  0.000 32.786  0.000 35.980  0.000 19.542  0.000
 13        46.064 18.306 27.077  0.000 33.656  0.000 37.164  0.000 20.146  0.000
 12        47.272 18.775 28.466  0.000 34.989  0.000 38.686  0.000 20.541  0.000
 11        48.225 19.253 28.892  0.000 35.400  0.000 39.265  0.000 20.984  0.000
 10        49.432 20.039 29.287  0.000 36.035  0.000 40.099  0.000 22.390  0.000
  9        50.254 20.704 29.502  0.000 36.481  0.000 40.473  0.000 22.903  0.000
  8        50.851 20.959 29.484  0.000 36.761  0.000 39.894  0.000 22.350  0.000
  7        51.128 20.306 29.316  0.000 37.089  0.000 39.859  0.000 22.411  0.000
  6        51.295 20.236 29.081  0.000 37.524  0.000 40.396  0.000 22.907  0.000
  5        50.550 20.245 28.656  0.000 37.684  0.000 40.873  0.000 23.345  0.000
  4        49.206 19.443 27.619  0.000 36.942  0.000 40.399  0.000 23.151  0.000
  3        45.223 17.002 24.884  0.000 33.750  0.000 37.170  0.000 20.921  0.000
  2        35.839 12.472 19.136  0.000 26.378  0.000 29.339  0.000 15.817  0.000
  1        10.080  3.455  4.988  0.000  7.087  0.000  8.020  0.000  4.220  0.000
 25  8.219  2.337  6.577  0.000  2.816  0.000  5.011  0.000  3.149  0.000  4.377
 24 13.025  3.721 10.652  0.000  4.426  0.000  7.950  0.000  4.873  0.000  7.057
 23 32.886 10.428 28.066  0.000 12.249  0.000 21.294  0.000 13.301  0.000 19.247
 22 38.414 12.474 33.168  0.000 14.535  0.000 24.889  0.000 15.650  0.000 22.809
 21 40.397 12.695 35.628  0.000 14.530  0.000 25.453  0.000 15.609  0.000 23.456
 20 42.845 13.707 37.751  0.000 15.616  0.000 25.924  0.000 16.702  0.000 25.091
 19 44.611 14.531 39.000  0.000 16.452  0.000 26.310  0.000 17.541  0.000 26.318
 18 45.730 15.116 39.149  0.000 16.975  0.000 26.510  0.000 18.051  0.000 27.130
 17 46.962 15.734 39.930  0.000 17.536  0.000 26.839  0.000 18.605  0.000 28.091
 16 46.627 15.698 39.517  0.000 17.472  0.000 26.030  0.000 18.552  0.000 28.116
 15 47.620 16.192 40.591  0.000 17.955  0.000 26.362  0.000 19.044  0.000 28.936
 14 48.439 16.537 41.613  0.000 18.260  0.000 26.643  0.000 19.340  0.000 29.551
 13 50.163 17.197 43.320  0.000 18.949  0.000 27.480  0.000 20.116  0.000 30.688
 12 51.933 17.699 44.674  0.000 19.410  0.000 28.910  0.000 20.652  0.000 31.548
 11 52.802 18.217 45.636  0.000 19.913  0.000 29.362  0.000 21.246  0.000 32.184
 10 53.633 19.320 46.681  0.000 21.353  0.000 29.786  0.000 22.822  0.000 33.028
  9 53.734 20.056 47.451  0.000 21.858  0.000 30.019  0.000 23.448  0.000 33.659
  8 53.234 20.562 47.955  0.000 21.221  0.000 30.024  0.000 22.900  0.000 34.079
  7 53.424 20.966 48.331  0.000 21.121  0.000 29.909  0.000 22.926  0.000 34.504
  6 54.036 21.206 48.520  0.000 21.487  0.000 29.780  0.000 23.406  0.000 34.913
  5 54.300 20.533 48.141  0.000 21.891  0.000 29.491  0.000 23.858  0.000 34.672
  4 53.316 19.867 46.824  0.000 21.741  0.000 28.584  0.000 23.739  0.000 32.835
  3 49.293 17.815 43.037  0.000 19.709  0.000 25.900  0.000 21.569  0.000 29.361
  2 39.448 13.356 34.061  0.000 14.900  0.000 20.035  0.000 16.349  0.000 22.396
  1 11.301  3.546  9.396  0.000  3.963  0.000  5.243  0.000  4.356  0.000  6.146
 25  8.883  2.324  3.873  7.049  0.000  6.567  0.000  3.155  6.450  4.308  4.775
 24 14.046  3.706  5.910 10.956  0.000 10.206  0.000  4.895 10.081  7.030  7.652
 23 34.899 10.373 15.543 28.002  0.000 26.252  0.000 13.358 25.946 19.440 20.560
 22 40.286 12.370 17.162 32.568  0.000 30.577  0.000 15.682 30.189 23.163 24.231
 21 41.873 12.524 16.660 33.898  0.000 31.797  0.000 15.578 31.054 23.976 24.858
 20 43.694 13.452 17.326 35.567  0.000 33.617  0.000 16.595 32.805 25.607 26.528
 19 44.854 14.216 17.704 36.347  0.000 34.729  0.000 17.360 33.879 26.650 27.816
 18 45.020 14.771 17.810 36.350  0.000 35.206  0.000 17.831 34.274 26.781 28.681
 17 45.802 15.387 18.008 35.840  0.000 35.779  0.000 18.388 34.892 27.453 29.744
 16 45.210 15.373 17.567 34.020  0.000 35.081  0.000 18.367 34.596 27.337 29.851
 15 46.183 15.870 17.723 33.924  0.000 35.583  0.000 18.871 35.277 28.086 30.737
 14 46.993 16.205 17.722 34.035  0.000 35.909  0.000 19.149 35.649 28.670 31.303
 13 48.685 16.823 18.042 35.036  0.000 37.132  0.000 19.866 36.725 29.668 32.424
 12 50.539 17.281 18.129 36.556  0.000 38.711  0.000 20.349 37.367 30.396 33.198
 11 51.435 17.773 18.267 37.083  0.000 39.355  0.000 20.889 37.807 30.913 33.891
 10 52.367 18.890 19.311 37.768  0.000 40.264  0.000 22.423 38.693 31.511 35.113
  9 52.488 19.674 19.695 37.988  0.000 40.656  0.000 23.061 39.310 31.818 36.264
  8 52.747 20.218 19.928 37.138  0.000 40.047  0.000 22.574 39.494 31.777 37.237
  7 53.288 20.695 20.188 36.578  0.000 40.008  0.000 22.592 39.132 31.133 38.249
  6 53.973 21.165 20.493 36.737  0.000 40.545  0.000 23.048 39.629 30.855 39.423
  5 54.180 21.117 20.557 36.869  0.000 40.966  0.000 23.457 40.281 30.324 40.019
  4 53.043 19.497 19.901 36.165  0.000 40.434  0.000 23.165 39.895 28.833 38.689
  3 48.802 16.992 17.638 33.062  0.000 37.214  0.000 20.803 36.446 25.588 34.937
  2 38.859 12.638 13.179 25.858  0.000 29.368  0.000 15.633 28.302 19.282 26.966
  1 11.073  3.352  3.543  6.959  0.000  8.008  0.000  4.161  8.001  5.267  7.478
 25  8.037  3.859  3.734  0.000  4.311  0.000  3.311  6.490  0.000  2.865  0.000
 24 12.809  5.897  5.730  0.000  7.031  0.000  5.124 10.123  0.000  4.497  0.000
 23 32.555 15.601 15.288  0.000 19.456  0.000 13.954 26.122  0.000 12.432  0.000
 22 38.118 17.449 17.503  0.000 23.265  0.000 16.417 30.387  0.000 14.735  0.000
 21 40.157 17.412 17.345  0.000 24.454  0.000 16.442 31.272  0.000 14.720  0.000
 20 42.553 18.113 17.922  0.000 26.195  0.000 17.553 32.844  0.000 15.798  0.000
 19 44.176 18.409 18.339  0.000 27.263  0.000 18.342 33.216  0.000 16.613  0.000
 18 45.105 18.397 18.519  0.000 27.370  0.000 18.748 33.531  0.000 17.103  0.000
 17 46.137 18.486 18.834  0.000 27.959  0.000 19.176 34.297  0.000 17.642  0.000
 16 45.729 17.939 18.532  0.000 27.505  0.000 19.001 34.133  0.000 17.585  0.000
 15 46.731 18.063 18.829  0.000 28.170  0.000 19.439 34.829  0.000 18.063  0.000
 14 47.518 18.043 18.932  0.000 28.719  0.000 19.699 35.163  0.000 18.344  0.000
 13 48.982 18.346 19.423  0.000 29.834  0.000 20.437 36.123  0.000 19.025  0.000
 12 50.270 18.419 19.728  0.000 31.413  0.000 20.919 36.616  0.000 19.461  0.000
 11 50.981 18.500 20.019  0.000 32.022  0.000 21.421 36.930  0.000 19.894  0.000
 10 51.935 19.137 20.664  0.000 32.648  0.000 22.847 37.666  0.000 21.255  0.000
  9 52.487 19.437 20.209  0.000 33.004  0.000 23.288 38.188  0.000 21.818  0.000
  8 52.556 19.643 20.150  0.000 33.020  0.000 22.462 38.535  0.000 22.003  0.000
  7 52.067 19.866 20.361  0.000 32.472  0.000 22.306 39.029  0.000 22.149  0.000
  6 52.132 20.123 20.710  0.000 32.385  0.000 22.758 39.803  0.000 22.605  0.000
  5 52.124 20.180 20.883  0.000 32.183  0.000 23.285 40.373  0.000 23.177  0.000
  4 50.987 19.605 20.309  0.000 31.087  0.000 23.250 39.843  0.000 23.145  0.000
  3 46.857 17.472 17.989  0.000 28.080  0.000 21.115 36.378  0.000 21.027  0.000
  2 37.169 13.099 13.415  0.000 21.664  0.000 16.001 28.342  0.000 15.900  0.000
  1 10.483  3.504  3.585  0.000  5.631  0.000  4.265  7.989  0.000  4.201  0.000
 25 10.060  3.386  0.000  6.522  0.000  3.477  0.000  3.929  3.266  0.000  6.627
 24 15.763  5.254  0.000 10.486  0.000  5.333  0.000  6.389  5.019  0.000 10.318
 23 38.416 14.365  0.000 27.538  0.000 14.402  0.000 17.714 13.552  0.000 26.392
 22 44.467 16.898  0.000 31.841  0.000 16.837  0.000 21.107 15.836  0.000 30.078
 21 46.585 16.857  0.000 33.785  0.000 16.788  0.000 21.949 15.700  0.000 30.656
 20 48.242 17.979  0.000 35.762  0.000 17.802  0.000 23.527 16.719  0.000 32.123
 19 49.209 18.759  0.000 37.137  0.000 18.515  0.000 24.725 17.513  0.000 32.973
 18 49.279 19.059  0.000 38.052  0.000 18.911  0.000 25.554 17.999  0.000 33.316
 17 49.801 18.869  0.000 39.018  0.000 19.348  0.000 26.501 18.538  0.000 33.942
 16 48.601 18.753  0.000 38.424  0.000 19.153  0.000 26.267 18.490  0.000 33.629
 15 49.258 19.242  0.000 39.246  0.000 19.538  0.000 27.063 18.962  0.000 34.227
 14 49.912 19.513  0.000 39.970  0.000 19.751  0.000 27.713 19.224  0.000 34.510
 13 51.530 20.231  0.000 41.118  0.000 20.463  0.000 28.955 19.981  0.000 35.373
 12 52.779 20.707  0.000 41.826  0.000 20.939  0.000 30.773 20.519  0.000 35.783
 11 53.359 21.110  0.000 42.186  0.000 21.442  0.000 31.680 21.121  0.000 36.018
 10 54.091 21.788  0.000 42.605  0.000 22.902  0.000 32.765 22.727  0.000 36.663
  9 54.373 22.085  0.000 42.783  0.000 23.460  0.000 33.559 23.558  0.000 37.164
  8 54.327 21.198  0.000 42.717  0.000 22.914  0.000 33.565 24.061  0.000 37.535
  7 54.344 20.983  0.000 42.538  0.000 22.991  0.000 34.043 24.582  0.000 38.002
  6 54.541 21.329  0.000 42.325  0.000 23.535  0.000 34.723 25.261  0.000 38.553
  5 54.445 21.712  0.000 41.816  0.000 24.000  0.000 34.943 25.682  0.000 38.662
  4 53.268 21.534  0.000 40.473  0.000 23.874  0.000 34.046 24.479  0.000 37.561
  3 49.216 19.363  0.000 37.007  0.000 21.687  0.000 30.831 21.860  0.000 33.819
  2 39.475 14.380  0.000 29.283  0.000 16.446  0.000 23.807 16.591  0.000 26.012
  1 11.284  3.946  0.000  7.970  0.000  4.379  0.000  6.174  4.461  0.000  7.262
 25  8.550  6.508  3.892  0.000  4.709  0.000  4.372  4.761  0.000  7.198  4.730
 24 13.498 10.527  5.935  0.000  7.534  0.000  7.039  7.633  0.000 11.171  7.624
 23 33.873 27.838 15.749  0.000 20.367  0.000 19.186 20.536  0.000 28.410 20.642
 22 39.524 32.936 18.103  0.000 24.081  0.000 22.717 24.219  0.000 32.783 24.428
 21 42.143 35.437 17.542  0.000 25.056  0.000 23.338 24.874  0.000 33.321 25.440
 20 44.468 37.420 17.919  0.000 26.743  0.000 24.952 26.573  0.000 33.563 27.148
 19 45.956 38.535 18.156  0.000 27.918  0.000 26.158 27.899  0.000 33.923 28.373
 18 46.789 38.705 18.155  0.000 28.595  0.000 26.956 28.809  0.000 34.020 29.131
 17 47.758 39.146 18.111  0.000 29.380  0.000 27.909 29.915  0.000 34.225 30.044
 16 47.253 38.281 17.606  0.000 28.971  0.000 27.943 30.048  0.000 33.029 29.749
 15 48.230 39.107 17.820  0.000 29.636  0.000 28.751 30.985  0.000 33.208 30.556
 14 49.043 39.985 17.894  0.000 30.170  0.000 29.337 31.619  0.000 33.383 31.175
 13 50.691 41.435 18.270  0.000 31.439  0.000 30.434 32.800  0.000 34.326 32.468
 12 51.805 42.520 18.448  0.000 33.204  0.000 31.246 33.672  0.000 34.997 34.250
 11 52.575 43.234 18.672  0.000 34.051  0.000 31.842 34.444  0.000 35.472 35.081
 10 53.617 44.014 19.631  0.000 34.974  0.000 32.677 35.619  0.000 36.239 36.029
  9 54.159 44.488 19.086  0.000 34.994  0.000 33.316 36.654  0.000 36.683 36.540
  8 54.454 44.659 18.942  0.000 35.340  0.000 33.759 37.504  0.000 36.846 35.983
  7 54.502 44.625 19.098  0.000 35.993  0.000 34.223 38.334  0.000 37.092 35.312
  6 54.837 44.459 19.320  0.000 36.773  0.000 34.721 39.010  0.000 37.540 35.444
  5 54.584 43.911 19.327  0.000 37.135  0.000 34.802 38.419  0.000 37.674 35.598
  4 52.413 42.477 18.626  0.000 36.391  0.000 33.881 36.746  0.000 36.684 34.746
  3 47.893 38.767 16.417  0.000 33.239  0.000 30.621 33.037  0.000 33.107 31.447
  2 38.137 30.457 12.207  0.000 25.892  0.000 23.510 25.321  0.000 25.444 24.245
  1 10.802  8.263  3.273  0.000  6.849  0.000  6.475  7.007  0.000  7.087  6.369
 25  8.891  8.184  3.873  0.000  4.677  0.000  4.354  4.738  0.000  7.157  4.693
 24 14.079 12.963  5.905  0.000  7.485  0.000  7.012  7.592  0.000 11.089  7.562
 23 35.163 32.706 15.680  0.000 20.246  0.000 19.130 20.432  0.000 28.201 20.498
 22 40.958 38.006 18.025  0.000 23.942  0.000 22.666 24.096  0.000 32.564 24.292
 21 42.966 39.391 17.457  0.000 24.905  0.000 23.297 24.739  0.000 33.341 25.349
 20 45.168 40.332 17.837  0.000 26.589  0.000 24.927 26.435  0.000 33.626 27.097
 19 46.490 40.429 18.084  0.000 27.768  0.000 26.147 27.766  0.000 33.986 28.346
 18 47.053 40.499 18.099  0.000 28.450  0.000 26.951 28.687  0.000 34.071 29.115
 17 47.375 40.838 18.073  0.000 29.247  0.000 27.904 29.809  0.000 34.224 30.025
 16 46.683 39.764 17.585  0.000 28.864  0.000 27.935 29.966  0.000 32.764 29.717
 15 47.705 40.333 17.815  0.000 29.553  0.000 28.746 30.922  0.000 32.895 30.524
 14 48.584 40.900 17.907  0.000 30.111  0.000 29.339 31.573  0.000 33.073 31.156
 13 50.312 42.246 18.301  0.000 31.402  0.000 30.449 32.774  0.000 34.162 32.474
 12 51.987 43.847 18.496  0.000 33.186  0.000 31.278 33.661  0.000 35.744 34.281
 11 52.939 44.463 18.723  0.000 34.047  0.000 31.891 34.446  0.000 36.351 35.130
 10 53.991 44.945 19.679  0.000 34.984  0.000 32.745 35.631  0.000 37.132 36.094
  9 54.414 45.080 19.122  0.000 35.013  0.000 33.402 36.676  0.000 37.584 36.634
  8 53.769 44.920 18.966  0.000 35.364  0.000 33.858 37.535  0.000 37.761 36.153
  7 53.673 44.690 19.115  0.000 36.025  0.000 34.332 38.372  0.000 38.005 35.501
  6 54.024 44.528 19.343  0.000 36.824  0.000 34.846 39.060  0.000 38.500 35.659
  5 54.074 44.122 19.367  0.000 37.213  0.000 34.949 38.484  0.000 38.790 35.865
  4 52.945 42.939 18.689  0.000 36.501  0.000 34.047 36.820  0.000 38.059 35.087
  3 48.739 39.395 16.485  0.000 33.373  0.000 30.794 33.116  0.000 34.704 31.835
  2 38.753 31.124 12.258  0.000 26.015  0.000 23.665 25.389  0.000 27.098 24.593
  1 10.990  8.561  3.284  0.000  6.886  0.000  6.522  7.027  0.000  7.286  6.468
 25  8.092  3.372  0.000  6.529  0.000  3.471  0.000  3.917  3.264  0.000  6.600
 24 12.875  5.232  0.000 10.494  0.000  5.324  0.000  6.375  5.016  0.000 10.273
 23 32.633 14.301  0.000 27.552  0.000 14.371  0.000 17.684 13.547  0.000 26.293
 22 38.161 16.828  0.000 31.865  0.000 16.793  0.000 21.085 15.826  0.000 29.964
 21 40.145 16.790  0.000 33.831  0.000 16.736  0.000 21.933 15.685  0.000 30.536
 20 42.616 17.925  0.000 35.818  0.000 17.748  0.000 23.520 16.701  0.000 32.009
 19 44.429 18.721  0.000 37.194  0.000 18.466  0.000 24.725 17.494  0.000 32.880
 18 45.611 19.042  0.000 38.108  0.000 18.875  0.000 25.554 17.983  0.000 33.255
 17 46.930 18.872  0.000 39.077  0.000 19.325  0.000 26.497 18.526  0.000 33.915
 16 46.724 18.775  0.000 38.489  0.000 19.141  0.000 26.261 18.487  0.000 33.634
 15 47.811 19.279  0.000 39.316  0.000 19.538  0.000 27.056 18.962  0.000 34.261
 14 48.689 19.565  0.000 40.041  0.000 19.763  0.000 27.708 19.228  0.000 34.566
 13 50.452 20.300  0.000 41.186  0.000 20.483  0.000 28.953 19.981  0.000 35.454
 12 52.203 20.790  0.000 41.891  0.000 20.960  0.000 30.775 20.511  0.000 35.887
 11 53.038 21.194  0.000 42.244  0.000 21.462  0.000 31.683 21.112  0.000 36.130
 10 53.834 21.864  0.000 42.655  0.000 22.909  0.000 32.771 22.715  0.000 36.766
  9 53.921 22.144  0.000 42.822  0.000 23.453  0.000 33.579 23.541  0.000 37.245
  8 53.446 21.240  0.000 42.746  0.000 22.900  0.000 33.650 24.038  0.000 37.586
  7 53.652 21.010  0.000 42.561  0.000 22.964  0.000 34.136 24.549  0.000 38.031
  6 54.277 21.345  0.000 42.350  0.000 23.471  0.000 34.805 25.206  0.000 38.576
  5 54.549 21.720  0.000 41.850  0.000 23.877  0.000 35.010 25.593  0.000 38.697
  4 53.570 21.541  0.000 40.523  0.000 23.680  0.000 34.096 24.349  0.000 37.624
  3 49.497 19.379  0.000 37.069  0.000 21.470  0.000 30.876 21.715  0.000 33.901
  2 39.579 14.400  0.000 29.335  0.000 16.285  0.000 23.848 16.475  0.000 26.088
  1 11.317  3.952  0.000  7.985  0.000  4.342  0.000  6.187  4.433  0.000  7.283
 25 10.339  3.842  3.707  0.000  4.273  0.000  3.300  6.458  0.000  2.854  0.000
 24 16.163  5.866  5.685  0.000  6.969  0.000  5.107 10.072  0.000  4.481  0.000
 23 39.173 15.526 15.172  0.000 19.300  0.000 13.907 26.004  0.000 12.390  0.000
 22 45.064 17.364 17.368  0.000 23.079  0.000 16.362 30.247  0.000 14.694  0.000
 21 47.236 17.319 17.201  0.000 24.246  0.000 16.383 31.123  0.000 14.688  0.000
 20 49.196 18.024 17.782  0.000 25.973  0.000 17.498 32.700  0.000 15.780  0.000
 19 49.477 18.335 18.216  0.000 27.040  0.000 18.296 33.094  0.000 16.611  0.000
 18 48.998 18.349 18.425  0.000 27.165  0.000 18.718 33.434  0.000 17.115  0.000
 17 49.002 18.464 18.771  0.000 27.770  0.000 19.161 34.225  0.000 17.666  0.000
 16 47.635 17.941 18.499  0.000 27.340  0.000 19.001 34.088  0.000 17.619  0.000
 15 48.110 18.086 18.822  0.000 28.028  0.000 19.452 34.808  0.000 18.108  0.000
 14 48.593 18.086 18.947  0.000 28.604  0.000 19.727 35.160  0.000 18.398  0.000
 13 50.108 18.412 19.457  0.000 29.745  0.000 20.477 36.138  0.000 19.091  0.000
 12 51.772 18.509 19.779  0.000 31.350  0.000 20.969 36.653  0.000 19.535  0.000
 11 52.434 18.596 20.076  0.000 31.979  0.000 21.471 36.977  0.000 19.969  0.000
 10 53.148 19.221 20.720  0.000 32.623  0.000 22.888 37.720  0.000 21.324  0.000
  9 53.446 19.498 20.255  0.000 32.990  0.000 23.314 38.242  0.000 21.875  0.000
  8 53.457 19.672 20.184  0.000 33.012  0.000 22.470 38.586  0.000 22.046  0.000
  7 53.548 19.878 20.389  0.000 32.462  0.000 22.294 39.077  0.000 22.180  0.000
  6 53.745 20.133 20.739  0.000 32.387  0.000 22.723 39.854  0.000 22.627  0.000
  5 53.597 20.207 20.926  0.000 32.220  0.000 23.222 40.439  0.000 23.194  0.000
  4 52.383 19.658 20.373  0.000 31.168  0.000 23.155 39.938  0.000 23.168  0.000
  3 48.440 17.538 18.057  0.000 28.184  0.000 21.007 36.490  0.000 21.062  0.000
  2 38.849 13.148 13.468  0.000 21.764  0.000 15.912 28.442  0.000 15.939  0.000
  1 11.104  3.514  3.597  0.000  5.662  0.000  4.242  8.019  0.000  4.213  0.000
 25  7.637  2.313  3.864  6.979  0.000  6.526  0.000  3.129  6.423  4.266  4.759
 24 12.251  3.687  5.895 10.839  0.000 10.142  0.000  4.851 10.040  6.961  7.630
 23 31.461 10.330 15.504 27.743  0.000 26.102  0.000 13.249 25.843 19.274 20.520
 22 36.874 12.346 17.118 32.259  0.000 30.395  0.000 15.574 30.066 22.992 24.196
 21 38.783 12.537 16.612 33.561  0.000 31.591  0.000 15.493 30.919 23.826 24.834
 20 41.119 13.502 17.279 35.241  0.000 33.400  0.000 16.541 32.667 25.482 26.516
 19 42.780 14.289 17.664 36.070  0.000 34.517  0.000 17.335 33.746 26.542 27.813
 18 43.826 14.854 17.783 36.148  0.000 35.013  0.000 17.826 34.155 26.691 28.679
 17 45.031 15.464 17.994 35.725  0.000 35.611  0.000 18.391 34.793 27.368 29.739
 16 44.799 15.431 17.566 33.997  0.000 34.945  0.000 18.373 34.526 27.255 29.841
 15 45.971 15.918 17.733 33.971  0.000 35.478  0.000 18.881 35.230 28.012 30.727
 14 46.895 16.252 17.741 34.124  0.000 35.835  0.000 19.170 35.627 28.615 31.297
 13 48.624 16.880 18.069 35.130  0.000 37.086  0.000 19.909 36.730 29.640 32.424
 12 50.386 17.350 18.163 36.619  0.000 38.687  0.000 20.412 37.396 30.402 33.209
 11 51.125 17.859 18.299 37.118  0.000 39.343  0.000 20.971 37.848 30.950 33.912
 10 51.418 18.994 19.339 37.787  0.000 40.252  0.000 22.521 38.738 31.580 35.147
  9 51.814 19.788 19.715 37.993  0.000 40.641  0.000 23.162 39.358 31.908 36.307
  8 51.960 20.337 19.940 37.127  0.000 40.029  0.000 22.664 39.544 31.881 37.285
  7 51.593 20.807 20.198 36.546  0.000 39.992  0.000 22.677 39.181 31.242 38.294
  6 51.742 21.282 20.511 36.682  0.000 40.538  0.000 23.137 39.676 31.000 39.461
  5 51.749 21.262 20.593 36.792  0.000 40.976  0.000 23.565 40.334 30.533 40.049
  4 50.643 19.676 19.961 36.053  0.000 40.466  0.000 23.308 39.971 29.103 38.719
  3 46.541 17.190 17.708 32.907  0.000 37.265  0.000 20.980 36.536 25.890 34.970
  2 36.857 12.807 13.234 25.699  0.000 29.425  0.000 15.800 28.384 19.565 27.001
  1 10.360  3.398  3.555  6.915  0.000  8.030  0.000  4.206  8.028  5.349  7.491
 25  9.526  2.331  6.307  0.000  2.809  0.000  5.008  0.000  3.144  0.000  4.344
 24 14.965  3.712 10.257  0.000  4.416  0.000  7.949  0.000  4.868  0.000  7.001
 23 36.818 10.401 27.259  0.000 12.223  0.000 21.290  0.000 13.279  0.000 19.107
 22 42.105 12.438 32.291  0.000 14.505  0.000 24.883  0.000 15.616  0.000 22.646
 21 44.026 12.649 34.751  0.000 14.501  0.000 25.444  0.000 15.565  0.000 23.277
 20 46.029 13.654 36.854  0.000 15.590  0.000 25.916  0.000 16.652  0.000 24.909
 19 47.048 14.476 38.076  0.000 16.433  0.000 26.311  0.000 17.492  0.000 26.146
 18 47.375 15.066 38.198  0.000 16.966  0.000 26.526  0.000 18.009  0.000 26.976
 17 47.824 15.691 38.944  0.000 17.537  0.000 26.876  0.000 18.570  0.000 27.963
 16 46.303 15.668 38.515  0.000 17.482  0.000 26.083  0.000 18.522  0.000 28.022
 15 46.655 16.171 39.538  0.000 17.973  0.000 26.429  0.000 19.021  0.000 28.871
 14 47.196 16.525 40.498  0.000 18.287  0.000 26.713  0.000 19.326  0.000 29.511
 13 48.615 17.193 41.986  0.000 18.984  0.000 27.539  0.000 20.107  0.000 30.675
 12 50.190 17.700 43.138  0.000 19.449  0.000 28.948  0.000 20.651  0.000 31.557
 11 50.761 18.221 43.886  0.000 19.952  0.000 29.382  0.000 21.245  0.000 32.208
 10 51.282 19.324 44.689  0.000 21.387  0.000 29.788  0.000 22.814  0.000 33.064
  9 51.387 20.056 45.178  0.000 21.881  0.000 30.006  0.000 23.432  0.000 33.703
  8 51.228 20.553 45.350  0.000 21.232  0.000 29.994  0.000 22.880  0.000 34.127
  7 50.910 20.949 45.347  0.000 21.117  0.000 29.858  0.000 22.900  0.000 34.558
  6 50.820 21.179 45.246  0.000 21.466  0.000 29.701  0.000 23.359  0.000 34.986
  5 50.466 20.495 44.785  0.000 21.849  0.000 29.376  0.000 23.775  0.000 34.780
  4 49.106 19.816 43.497  0.000 21.677  0.000 28.423  0.000 23.610  0.000 32.980
  3 45.140 17.759 39.871  0.000 19.638  0.000 25.714  0.000 21.412  0.000 29.532
  2 36.117 13.309 31.459  0.000 14.842  0.000 19.872  0.000 16.213  0.000 22.551
  1 10.246  3.532  8.606  0.000  3.948  0.000  5.200  0.000  4.320  0.000  6.191
 25         9.083  2.616  5.004  0.000  7.284  0.000  6.551  0.000  3.456  0.000
 24        14.381  4.129  7.941  0.000 11.260  0.000 10.196  0.000  5.308  0.000
 23        35.776 11.482 21.261  0.000 28.411  0.000 26.271  0.000 14.340  0.000
 22        41.593 13.665 24.702  0.000 32.253  0.000 30.643  0.000 16.758  0.000
 21        43.699 13.916 25.417  0.000 33.067  0.000 31.904  0.000 16.702  0.000
 20        45.440 14.979 26.406  0.000 34.317  0.000 33.718  0.000 17.696  0.000
 19        46.005 15.813 26.682  0.000 34.600  0.000 34.749  0.000 18.356  0.000
 18        46.007 16.382 26.739  0.000 33.894  0.000 35.115  0.000 18.694  0.000
 17        46.690 17.002 26.963  0.000 33.794  0.000 35.669  0.000 19.145  0.000
 16        46.022 16.960 25.928  0.000 32.676  0.000 35.058  0.000 18.996  0.000
 15        46.896 17.479 26.182  0.000 32.839  0.000 35.629  0.000 19.400  0.000
 14        47.591 17.824 26.441  0.000 32.913  0.000 35.969  0.000 19.569  0.000
 13        48.998 18.509 27.230  0.000 33.786  0.000 37.185  0.000 20.195  0.000
 12        50.049 18.989 28.612  0.000 35.087  0.000 38.727  0.000 20.608  0.000
 11        50.391 19.497 29.034  0.000 35.473  0.000 39.320  0.000 21.059  0.000
 10        50.649 20.619 29.429  0.000 36.097  0.000 40.161  0.000 22.465  0.000
  9        50.057 21.323 29.636  0.000 36.523  0.000 40.538  0.000 22.971  0.000
  8        49.728 21.591 29.600  0.000 36.773  0.000 39.957  0.000 22.404  0.000
  7        49.752 20.976 29.419  0.000 37.077  0.000 39.916  0.000 22.451  0.000
  6        49.876 20.967 29.180  0.000 37.499  0.000 40.451  0.000 22.942  0.000
  5        49.546 21.085 28.748  0.000 37.642  0.000 40.928  0.000 23.382  0.000
  4        48.217 20.474 27.695  0.000 36.861  0.000 40.454  0.000 23.200  0.000
  3        44.319 18.147 24.949  0.000 33.622  0.000 37.222  0.000 20.979  0.000
  2        35.227 13.501 19.190  0.000 26.239  0.000 29.382  0.000 15.872  0.000
  1         9.840  3.577  5.004  0.000  7.045  0.000  8.035  0.000  4.236  0.000
 25         7.879  6.981  6.435  2.479  0.000  2.800  0.000  5.473  0.000  4.697
 24        12.619 11.204 10.224  3.916  0.000  4.404  0.000  8.622  0.000  7.510
 23        32.179 29.321 27.010 10.996  0.000 12.185  0.000 22.822  0.000 20.309
 22        37.616 34.565 31.878 12.998  0.000 14.455  0.000 26.316  0.000 24.006
 21        39.438 37.134 34.295 12.820  0.000 14.436  0.000 27.185  0.000 24.980
 20        41.688 39.347 36.288 13.769  0.000 15.504  0.000 28.621  0.000 26.674
 19        43.198 40.782 37.541 14.570  0.000 16.334  0.000 29.409  0.000 27.863
 18        43.755 41.580 38.347 15.134  0.000 16.865  0.000 29.713  0.000 28.563
 17        44.803 42.039 39.229 15.748  0.000 17.452  0.000 30.142  0.000 29.372
 16        44.535 41.389 38.625 15.839  0.000 17.433  0.000 29.350  0.000 28.993
 15        45.709 42.420 39.447 16.348  0.000 17.944  0.000 29.745  0.000 29.689
 14        46.661 43.329 40.208 16.680  0.000 18.260  0.000 30.041  0.000 30.256
 13        48.550 44.991 41.342 17.416  0.000 18.956  0.000 30.947  0.000 31.559
 12        50.620 46.119 42.101 18.066  0.000 19.420  0.000 32.322  0.000 33.368
 11        51.771 46.897 42.464 19.405  0.000 19.895  0.000 32.770  0.000 34.247
 10        52.914 47.764 42.768 20.422  0.000 21.324  0.000 33.320  0.000 35.080
  9        53.436 48.142 42.717 21.286  0.000 21.996  0.000 33.646  0.000 35.052
  8        53.926 47.497 42.345 22.008  0.000 22.173  0.000 33.747  0.000 35.281
  7        54.576 47.307 41.825 22.697  0.000 21.528  0.000 33.830  0.000 35.777
  6        55.301 47.449 41.209 23.412  0.000 21.587  0.000 33.967  0.000 36.396
  5        55.453 47.334 40.281 23.942  0.000 21.951  0.000 33.846  0.000 36.645
  4        54.167 46.126 38.612 23.863  0.000 21.781  0.000 32.935  0.000 35.897
  3        49.708 42.184 35.040 21.734  0.000 19.679  0.000 30.063  0.000 32.812
  2        39.544 33.303 27.585 16.537  0.000 14.794  0.000 23.537  0.000 25.573
  1        11.247  9.168  7.471  4.286  0.000  3.918  0.000  6.233  0.000  6.774
 25                       7.785  2.632  3.645  0.000  6.380  0.000  6.544  0.000
 24                      12.436  4.152  5.977  0.000  9.963  0.000 10.594  0.000
 23                      31.794 11.553 16.797  0.000 25.643  0.000 27.979  0.000
 22                      37.223 13.765 20.122  0.000 29.798  0.000 33.099  0.000
 21                      39.268 14.049 20.984  0.000 30.600  0.000 35.611  0.000
 20                      41.206 15.155 22.541  0.000 32.339  0.000 37.586  0.000
 19                      41.998 16.022 23.719  0.000 33.473  0.000 38.686  0.000
 18                      42.558 16.604 24.555  0.000 33.968  0.000 38.836  0.000
 17                      43.341 17.217 25.487  0.000 34.666  0.000 39.266  0.000
 16                      42.682 17.156 25.244  0.000 34.411  0.000 38.388  0.000
 15                      43.651 17.665 26.042  0.000 35.125  0.000 39.196  0.000
 14                      44.517 18.013 26.726  0.000 35.541  0.000 40.046  0.000
 13                      46.094 18.721 27.913  0.000 36.657  0.000 41.442  0.000
 12                      47.309 19.225 29.636  0.000 37.352  0.000 42.478  0.000
 11                      48.258 19.743 30.397  0.000 37.871  0.000 43.146  0.000
 10                      49.450 20.853 31.176  0.000 38.822  0.000 43.872  0.000
  9                      50.254 21.495 31.620  0.000 39.312  0.000 44.295  0.000
  8                      50.839 21.688 31.190  0.000 38.783  0.000 44.407  0.000
  7                      51.108 21.039 31.119  0.000 38.841  0.000 44.304  0.000
  6                      51.285 21.040 31.196  0.000 39.481  0.000 44.062  0.000
  5                      50.560 21.180 30.952  0.000 39.992  0.000 43.447  0.000
  4                      49.242 20.719 29.905  0.000 39.460  0.000 41.969  0.000
  3                      45.276 18.560 26.938  0.000 35.988  0.000 38.255  0.000
  2                      35.890 13.914 20.634  0.000 27.916  0.000 30.040  0.000
  1                      10.097  3.695  5.296  0.000  7.864  0.000  8.141  0.000
 25                             10.118  2.854  4.695  3.295  3.717  0.000  3.247
 24                             15.858  4.453  7.566  5.103  5.690  0.000  5.005
 23                             38.620 12.246 20.515 13.947 15.170  0.000 13.559
 22                             44.740 14.422 24.344 16.399 17.337  0.000 15.843
 21                             46.936 14.280 25.448 16.296 17.141  0.000 15.695
 20                             48.674 15.269 27.244 17.386 17.727  0.000 16.687
 19                             49.707 16.070 28.518 18.154 18.236  0.000 17.461
 18                             49.825 16.598 29.292 18.556 18.544  0.000 17.916
 17                             50.361 17.185 30.186 19.059 18.906  0.000 18.261
 16                             49.139 17.186 29.850 19.182 18.598  0.000 18.136
 15                             49.731 17.664 30.647 19.718 18.903  0.000 18.490
 14                             50.308 17.934 31.297 20.013 19.069  0.000 18.206
 13                             51.853 18.625 32.676 20.761 19.664  0.000 18.676
 12                             52.995 19.130 34.545 21.249 20.040  0.000 19.089
 11                             53.429 19.738 35.435 21.670 20.388  0.000 19.606
 10                             53.956 21.385 36.398 22.406 21.112  0.000 21.136
  9                             54.100 22.310 36.880 22.907 20.742  0.000 21.899
  8                             54.053 22.936 36.308 22.957 20.735  0.000 22.328
  7                             54.172 23.543 35.639 22.204 20.992  0.000 22.767
  6                             54.472 24.306 35.863 22.309 21.354  0.000 23.348
  5                             54.442 24.754 36.141 22.731 21.493  0.000 23.791
  4                             53.315 23.494 35.506 22.587 20.890  0.000 23.605
  3                             49.308 20.884 32.346 20.339 18.502  0.000 21.348
  2                             39.585 15.756 25.065 15.173 13.788  0.000 16.133
  1                             11.336  4.194  6.601  4.181  3.678  0.000  4.335
 25                              8.359  8.347  2.873  3.723  3.731  2.469  5.966
 24                             13.237 13.213  4.472  5.712  5.722  3.906  9.748
 23                             33.357 33.305 12.282 15.381 15.391 10.820 26.171
 22                             38.959 38.915 14.469 17.937 17.936 12.820 31.099
 21                             41.275 41.260 14.355 17.963 17.874 12.649 33.302
 20                             43.605 43.624 15.385 18.803 18.169 13.555 35.521
 19                             45.128 45.179 16.229 18.589 18.558 14.321 37.089
 18                             45.969 46.050 16.794 18.536 18.781 14.857 38.155
 17                             46.842 46.944 17.410 18.767 18.960 15.448 39.326
 16                             45.631 45.742 17.444 18.404 18.075 15.482 38.953
 15                             46.401 46.539 17.969 18.672 18.201 15.954 40.052
 14                             47.163 47.298 18.295 18.782 18.332 16.243 41.024
 13                             48.729 48.854 19.076 19.272 18.848 16.903 42.500
 12                             49.905 50.014 19.654 19.494 19.109 17.402 43.606
 11                             50.834 50.928 20.301 19.711 19.368 18.021 44.431
 10                             52.114 52.189 21.931 20.781 20.483 19.720 45.402
  9                             52.984 53.029 22.820 21.088 20.830 20.795 46.046
  8                             53.170 53.184 23.394 21.153 20.920 21.666 46.569
  7                             53.575 53.556 23.950 21.246 21.027 22.496 46.745
  6                             54.139 54.105 24.480 21.511 21.285 23.391 46.898
  5                             54.096 54.072 24.029 21.680 21.465 24.061 46.719
  4                             52.720 52.722 23.649 21.253 21.103 23.843 45.479
  3                             48.347 48.370 21.542 19.093 18.991 21.353 41.666
  2                             38.367 38.402 16.334 14.466 14.363 16.021 32.966
  1                             10.899 10.911  4.347  3.881  3.848  4.223  9.050
 25                                            8.603  8.553  7.674  8.217  8.823
 24                                           13.667 13.502 12.257 13.026 13.929
 23                                           34.420 33.869 31.344 32.894 34.789
 22                                           40.189 39.509 36.660 38.247 40.257
 21                                           42.195 42.115 38.474 39.667 42.528
 20                                           44.041 44.426 40.776 40.632 44.404
 19                                           45.467 45.904 42.482 40.744 45.571
 18                                           46.353 46.726 43.630 40.829 46.170
 17                                           47.320 47.687 44.960 41.178 46.972
 16                                           46.429 47.179 44.782 40.086 46.365
 15                                           47.345 48.158 46.001 40.644 47.264
 14                                           48.199 48.977 46.935 41.178 48.027
 13                                           49.984 50.638 48.491 42.433 49.474
 12                                           51.845 51.771 49.951 43.917 50.443
 11                                           52.604 52.562 50.765 44.445 51.030
 10                                           52.827 53.633 51.847 44.878 51.624
  9                                           53.025 54.203 52.588 44.967 51.273
  8                                           53.084 54.510 53.062 44.749 51.206
  7                                           53.329 54.559 53.541 44.461 51.022
  6                                           53.804 54.884 53.993 44.233 51.065
  5                                           53.856 54.636 53.714 43.754 50.653
  4                                           52.728 52.481 51.552 42.472 49.097
  3                                           48.621 47.991 46.910 38.871 44.985
  2                                           38.745 38.235 37.153 30.663 35.723
  1                                           11.002 10.838 10.508  8.432 10.007
 25  8.857  6.052 10.511  8.392  8.671
 24 13.982  9.860 16.334 13.293 13.667
 23 34.901 26.344 39.402 33.494 34.163
 22 40.389 31.323 45.221 39.139 39.750
 21 42.674 33.344 47.382 41.500 42.210
 20 44.558 35.597 49.473 43.862 44.480
 19 45.727 37.168 50.028 45.400 45.967
 18 46.324 38.239 50.212 46.241 46.811
 17 47.117 39.397 50.567 47.097 47.884
 16 46.488 39.079 48.717 45.848 47.348
 15 47.364 40.156 48.975 46.589 48.385
 14 48.102 41.090 49.343 47.322 49.188
 13 49.520 42.600 50.679 48.852 51.051
 12 50.464 44.167 52.160 49.992 52.175
 11 51.027 44.867 52.661 50.889 52.971
 10 51.595 45.497 53.219 52.135 54.153
  9 51.218 45.668 53.377 52.967 55.023
  8 51.129 45.661 53.265 53.119 55.581
  7 50.935 45.287 53.253 53.482 56.206
  6 50.962 45.185 53.305 54.017 56.990
  5 50.537 44.872 52.987 53.969 57.072
  4 48.957 43.727 51.678 52.611 55.000
  3 44.810 40.294 47.650 48.260 50.171
  2 35.555 32.064 38.163 38.309 39.963
  1  9.950  8.823 10.912 10.881 11.416
 25  5.987  2.482  3.754  3.745  2.875  8.031  8.872
 24  9.782  3.925  5.760  5.748  4.475 12.785 14.029
 23 26.242 10.868 15.497 15.473 12.292 32.456 34.987
 22 31.180 12.876 18.066 18.045 14.484 37.960 40.557
 21 33.389 12.705 18.018 18.082 14.374 39.932 42.104
 20 35.615 13.610 18.309 18.925 15.403 42.289 43.926
 19 37.190 14.369 18.681 18.701 16.239 43.900 45.151
 18 38.261 14.894 18.876 18.635 16.793 44.821 45.802
 17 39.431 15.470 19.020 18.848 17.397 45.848 46.564
 16 39.049 15.490 18.096 18.459 17.420 45.446 45.882
 15 40.138 15.948 18.192 18.702 17.935 46.449 46.841
 14 41.099 16.225 18.298 18.791 18.256 47.246 47.631
 13 42.562 16.875 18.791 19.263 19.032 48.750 49.317
 12 43.659 17.369 19.037 19.473 19.611 50.096 51.247
 11 44.473 17.987 19.297 19.685 20.262 50.846 51.932
 10 45.428 19.689 20.426 20.756 21.899 51.832 51.958
  9 46.054 20.773 20.787 21.066 22.797 52.423 51.371
  8 46.558 21.657 20.885 21.135 23.376 52.537 50.711
  7 46.715 22.502 20.995 21.230 23.938 52.116 50.822
  6 46.851 23.410 21.252 21.499 24.474 52.255 51.264
  5 46.662 24.097 21.425 21.676 24.029 52.304 51.371
  4 45.419 23.900 21.049 21.265 23.654 51.216 50.386
  3 41.610 21.423 18.930 19.121 21.548 47.093 46.308
  2 32.925 16.083 14.314 14.494 16.337 37.362 36.694
  1  9.037  4.240  3.835  3.889  4.347 10.554 10.333
 25  3.271  0.000  3.729  3.308  4.723  2.869 10.468
 24  5.045  0.000  5.711  5.124  7.609  4.475 16.265
 23 13.669  0.000 15.230 14.004 20.624 12.304 39.224
 22 15.974  0.000 17.412 16.466 24.474 14.489 44.998
 21 15.835  0.000 17.221 16.367 25.598 14.349 47.115
 20 16.826  0.000 17.802 17.456 27.407 15.336 49.182
 19 17.584  0.000 18.296 18.215 28.686 16.127 49.731
 18 18.008  0.000 18.581 18.604 29.456 16.639 49.918
 17 18.316  0.000 18.919 19.091 30.340 17.207 50.288
 16 18.150  0.000 18.590 19.193 29.986 17.191 48.493
 15 18.474  0.000 18.877 19.712 30.765 17.654 48.781
 14 18.166  0.000 19.030 19.993 31.394 17.911 49.189
 13 18.608  0.000 19.612 20.729 32.754 18.592 50.589
 12 19.005  0.000 19.984 21.213 34.602 19.091 52.125
 11 19.517  0.000 20.337 21.630 35.476 19.697 52.683
 10 21.048  0.000 21.070 22.365 36.426 21.348 53.281
  9 21.819  0.000 20.710 22.869 36.897 22.281 53.459
  8 22.261  0.000 20.710 22.925 36.311 22.919 53.366
  7 22.716  0.000 20.970 22.188 35.628 23.541 53.382
  6 23.311  0.000 21.330 22.313 35.834 24.321 53.478
  5 23.760  0.000 21.465 22.752 36.088 24.787 53.190
  4 23.580  0.000 20.855 22.619 35.422 23.549 51.922
  3 21.327  0.000 18.463 20.381 32.237 20.952 47.920
  2 16.119  0.000 13.754 15.215 24.963 15.816 38.404
  1  4.332  0.000  3.669  4.192  6.570  4.210 10.993
 25  0.000  8.199  0.000  6.411  0.000  3.673  2.634  7.745
 24  0.000 12.996  0.000 10.012  0.000  6.024  4.154 12.365
 23  0.000 32.816  0.000 25.754  0.000 16.923 11.559 31.631
 22  0.000 38.160  0.000 29.929  0.000 20.280 13.774 37.020
 21  0.000 39.581  0.000 30.745  0.000 21.164 14.061 39.029
 20  0.000 40.559  0.000 32.490  0.000 22.734 15.166 40.949
 19  0.000 40.688  0.000 33.620  0.000 23.914 16.026 41.748
 18  0.000 40.796  0.000 34.101  0.000 24.741 16.599 42.321
 17  0.000 41.168  0.000 34.781  0.000 25.656 17.202 43.123
 16  0.000 40.099  0.000 34.504  0.000 25.385 17.131 42.488
 15  0.000 40.672  0.000 35.197  0.000 26.160 17.632 43.488
 14  0.000 41.219  0.000 35.593  0.000 26.821 17.975 44.391
 13  0.000 42.487  0.000 36.692  0.000 27.983 18.679 46.016
 12  0.000 43.979  0.000 37.373  0.000 29.684 19.183 47.283
 11  0.000 44.513  0.000 37.884  0.000 30.426 19.705 48.276
 10  0.000 44.947  0.000 38.832  0.000 31.186 20.821 49.509
  9  0.000 45.032  0.000 39.322  0.000 31.611 21.471 50.348
  8  0.000 44.805  0.000 38.793  0.000 31.157 21.672 50.953
  7  0.000 44.507  0.000 38.849  0.000 31.059 21.029 51.247
  6  0.000 44.277  0.000 39.481  0.000 31.103 21.037 51.431
  5  0.000 43.808  0.000 39.982  0.000 30.818 21.184 50.689
  4  0.000 42.542  0.000 39.438  0.000 29.724 20.731 49.342
  3  0.000 38.950  0.000 35.958  0.000 26.731 18.577 45.358
  2  0.000 30.735  0.000 27.883  0.000 20.453 13.930 35.951
  1  0.000  8.457  0.000  7.851  0.000  5.246  3.699 10.118
 25  4.699  0.000  5.501  0.000  2.804  0.000  2.481  6.426  7.003  8.871
 24  7.513  0.000  8.666  0.000  4.410  0.000  3.920 10.213 11.232 14.029
 23 20.321  0.000 22.922  0.000 12.202  0.000 11.009 26.984 29.380 34.987
 22 24.023  0.000 26.425  0.000 14.472  0.000 13.014 31.847 34.632 40.555
 21 25.000  0.000 27.297  0.000 14.452  0.000 12.835 34.258 37.218 42.099
 20 26.690  0.000 28.731  0.000 15.516  0.000 13.778 36.241 39.452 43.915
 19 27.876  0.000 29.509  0.000 16.341  0.000 14.571 37.480 40.904 45.134
 18 28.573  0.000 29.795  0.000 16.865  0.000 15.125 38.269 41.711 45.777
 17 29.376  0.000 30.204  0.000 17.446  0.000 15.728 39.135 42.172 46.531
 16 28.987  0.000 29.399  0.000 17.423  0.000 15.807 38.519 41.519 45.845
 15 29.673  0.000 29.780  0.000 17.928  0.000 16.306 39.334 42.542 46.799
 14 30.233  0.000 30.062  0.000 18.239  0.000 16.633 40.094 43.440 47.587
 13 31.529  0.000 30.957  0.000 18.931  0.000 17.363 41.230 45.090 49.273
 12 33.334  0.000 32.322  0.000 19.390  0.000 18.012 41.998 46.211 51.202
 11 34.210  0.000 32.766  0.000 19.863  0.000 19.353 42.375 46.984 51.891
 10 35.039  0.000 33.315  0.000 21.290  0.000 20.374 42.696 47.851 51.927
  9 35.009  0.000 33.645  0.000 21.963  0.000 21.244 42.658 48.226 51.364
  8 35.240  0.000 33.754  0.000 22.144  0.000 21.973 42.298 47.581 50.770
  7 35.737  0.000 33.843  0.000 21.512  0.000 22.667 41.782 47.397 50.910
  6 36.363  0.000 33.984  0.000 21.584  0.000 23.382 41.173 47.544 51.359
  5 36.631  0.000 33.865  0.000 21.958  0.000 23.910 40.256 47.418 51.457
  4 35.904  0.000 32.951  0.000 21.790  0.000 23.823 38.599 46.197 50.457
  3 32.833  0.000 30.072  0.000 19.695  0.000 21.687 35.035 42.241 46.370
  2 25.594  0.000 23.534  0.000 14.815  0.000 16.495 27.589 33.339 36.741
  1  6.780  0.000  6.228  0.000  3.925  0.000  4.275  7.473  9.174 10.345
 25  0.000  3.481  0.000  6.611  0.000  7.324  0.000  5.019  2.620  6.811
 24  0.000  5.348  0.000 10.298  0.000 11.327  0.000  7.963  4.134 10.982
 23  0.000 14.445  0.000 26.510  0.000 28.584  0.000 21.312 11.497 28.780
 22  0.000 16.884  0.000 30.922  0.000 32.460  0.000 24.751 13.681 33.990
 21  0.000 16.838  0.000 32.195  0.000 33.292  0.000 25.461 13.930 36.536
 20  0.000 17.832  0.000 33.994  0.000 34.539  0.000 26.436 14.989 38.566
 19  0.000 18.477  0.000 34.985  0.000 34.794  0.000 26.692 15.818 39.715
 18  0.000 18.790  0.000 35.301  0.000 34.041  0.000 26.727 16.379 39.892
 17  0.000 19.210  0.000 35.806  0.000 33.888  0.000 26.936 16.991 40.364
 16  0.000 19.029  0.000 35.141  0.000 32.711  0.000 25.891 16.944 39.509
 15  0.000 19.406  0.000 35.666  0.000 32.829  0.000 26.136 17.456 40.369
 14  0.000 19.553  0.000 35.968  0.000 32.867  0.000 26.387 17.796 41.275
 13  0.000 20.161  0.000 37.142  0.000 33.705  0.000 27.169 18.477 42.884
 12  0.000 20.561  0.000 38.654  0.000 34.989  0.000 28.547 18.953 44.107
 11  0.000 21.005  0.000 39.225  0.000 35.367  0.000 28.967 19.461 44.977
 10  0.000 22.411  0.000 40.046  0.000 35.984  0.000 29.361 20.585 45.931
  9  0.000 22.922  0.000 40.407  0.000 36.408  0.000 29.570 21.293 46.621
  8  0.000 22.366  0.000 39.818  0.000 36.658  0.000 29.537 21.569 47.062
  7  0.000 22.429  0.000 39.772  0.000 36.958  0.000 29.362 20.963 47.354
  6  0.000 22.934  0.000 40.286  0.000 37.366  0.000 29.123 20.963 47.432
  5  0.000 23.389  0.000 40.716  0.000 37.483  0.000 28.682 21.091 46.918
  4  0.000 23.225  0.000 40.183  0.000 36.664  0.000 27.623 20.490 45.412
  3  0.000 21.020  0.000 36.921  0.000 33.406  0.000 24.877 18.173 41.518
  2  0.000 15.912  0.000 29.117  0.000 26.056  0.000 19.128 13.528 32.710
  1  0.000  4.247  0.000  7.953  0.000  6.991  0.000  4.988  3.585  8.938
 25  4.376  0.000  3.148  0.000  5.025  0.000  2.812  0.000  6.564  2.332  9.842
 24  7.055  0.000  4.873  0.000  7.978  0.000  4.420  0.000 10.628  3.715 15.436
 23 19.242  0.000 13.300  0.000 21.372  0.000 12.235  0.000 28.013 10.411 37.597
 22 22.806  0.000 15.649  0.000 24.983  0.000 14.519  0.000 33.105 12.453 43.409
 21 23.455  0.000 15.606  0.000 25.550  0.000 14.516  0.000 35.562 12.669 45.109
 20 25.096  0.000 16.694  0.000 26.014  0.000 15.603  0.000 37.684 13.673 46.578
 19 26.330  0.000 17.527  0.000 26.392  0.000 16.440  0.000 38.932 14.488 47.548
 18 27.149  0.000 18.031  0.000 26.586  0.000 16.965  0.000 39.081 15.067 47.969
 17 28.115  0.000 18.577  0.000 26.914  0.000 17.525  0.000 39.861 15.680 48.487
 16 28.143  0.000 18.514  0.000 26.100  0.000 17.462  0.000 39.452 15.641 47.598
 15 28.965  0.000 19.001  0.000 26.430  0.000 17.946  0.000 40.529 16.132 48.285
 14 29.581  0.000 19.296  0.000 26.700  0.000 18.255  0.000 41.556 16.479 48.493
 13 30.719  0.000 20.072  0.000 27.510  0.000 18.948  0.000 43.268 17.141 50.006
 12 31.578  0.000 20.614  0.000 28.907  0.000 19.413  0.000 44.626 17.647 51.864
 11 32.211  0.000 21.212  0.000 29.333  0.000 19.919  0.000 45.595 18.171 52.788
 10 33.051  0.000 22.789  0.000 29.734  0.000 21.359  0.000 46.650 19.278 53.829
  9 33.676  0.000 23.417  0.000 29.952  0.000 21.860  0.000 47.431 20.016 54.284
  8 34.086  0.000 22.874  0.000 29.947  0.000 21.218  0.000 47.948 20.521 54.458
  7 34.497  0.000 22.900  0.000 29.823  0.000 21.109  0.000 48.338 20.921 54.478
  6 34.892  0.000 23.365  0.000 29.670  0.000 21.464  0.000 48.539 21.151 54.900
  5 34.639  0.000 23.791  0.000 29.331  0.000 21.856  0.000 48.169 20.465 54.975
  4 32.797  0.000 23.637  0.000 28.355  0.000 21.698  0.000 46.859 19.779 53.712
  3 29.321  0.000 21.447  0.000 25.636  0.000 19.669  0.000 43.079 17.718 49.379
  2 22.359  0.000 16.245  0.000 19.806  0.000 14.871  0.000 34.098 13.274 39.354
  1  6.136  0.000  4.327  0.000  5.179  0.000  3.956  0.000  9.408  3.524 11.281
 25  4.776  4.294  6.442  3.146  0.000  6.569  0.000  7.033  3.875  2.318  9.834
 24  7.655  7.004 10.066  4.877  0.000 10.211  0.000 10.928  5.914  3.695 15.412
 23 20.573 19.377 25.901 13.312  0.000 26.264  0.000 27.943 15.556 10.346 37.532
 22 24.257 23.112 30.140 15.648  0.000 30.588  0.000 32.497 17.179 12.362 43.339
 21 24.899 23.960 31.012 15.572  0.000 31.799  0.000 33.823 16.676 12.552 45.053
 20 26.579 25.628 32.779 16.618  0.000 33.606  0.000 35.508 17.340 13.515 46.540
 19 27.865 26.693 33.870 17.402  0.000 34.701  0.000 36.319 17.712 14.296 47.514
 18 28.718 26.831 34.278 17.878  0.000 35.162  0.000 36.359 17.813 14.853 47.931
 17 29.768 27.497 34.903 18.426  0.000 35.721  0.000 35.888 18.004 15.454 48.435
 16 29.862 27.366 34.618 18.387  0.000 35.012  0.000 34.101 17.556 15.416 47.528
 15 30.741 28.106 35.304 18.880  0.000 35.510  0.000 34.026 17.707 15.897 48.205
 14 31.303 28.689 35.682 19.156  0.000 35.835  0.000 34.138 17.705 16.226 48.422
 13 32.424 29.694 36.772 19.884  0.000 37.061  0.000 35.107 18.025 16.851 49.987
 12 33.204 30.435 37.431 20.384  0.000 38.653  0.000 36.572 18.117 17.321 51.937
 11 33.904 30.970 37.879 20.941  0.000 39.305  0.000 37.059 18.257 17.831 52.917
 10 35.137 31.595 38.770 22.493  0.000 40.221  0.000 37.727 19.301 18.971 53.983
  9 36.295 31.922 39.389 23.141  0.000 40.617  0.000 37.937 19.681 19.774 54.452
  8 37.273 31.893 39.567 22.654  0.000 40.010  0.000 37.077 19.908 20.337 54.633
  7 38.285 31.252 39.196 22.680  0.000 39.981  0.000 36.500 20.165 20.823 54.672
  6 39.460 31.002 39.697 23.154  0.000 40.543  0.000 36.634 20.475 21.319 55.119
  5 40.065 30.525 40.373 23.599  0.000 41.003  0.000 36.734 20.554 21.326 55.223
  4 38.758 29.088 40.033 23.365  0.000 40.517  0.000 35.983 19.919 19.767 53.997
  3 35.025 25.871 36.619 21.052  0.000 37.324  0.000 32.832 17.668 17.290 49.675
  2 27.055 19.544 28.463 15.865  0.000 29.469  0.000 25.632 13.203 12.889 39.615
  1  7.508  5.342  8.050  4.224  0.000  8.041  0.000  6.894  3.547  3.419 11.358
 25  0.000  2.858  0.000  6.489  3.310  0.000  4.300  0.000  3.733  3.854  7.990
 24  0.000  4.487  0.000 10.120  5.123  0.000  7.012  0.000  5.727  5.886 12.720
 23  0.000 12.404  0.000 26.115 13.954  0.000 19.408  0.000 15.283 15.578 32.293
 22  0.000 14.709  0.000 30.377 16.421  0.000 23.212  0.000 17.499 17.423 37.740
 21  0.000 14.702  0.000 31.265 16.450  0.000 24.399  0.000 17.341 17.383 39.647
 20  0.000 15.790  0.000 32.846 17.565  0.000 26.142  0.000 17.922 18.086 41.958
 19  0.000 16.615  0.000 33.231 18.354  0.000 27.213  0.000 18.345 18.390 43.556
 18  0.000 17.113  0.000 33.558 18.761  0.000 27.325  0.000 18.532 18.391 44.496
 17  0.000 17.656  0.000 34.332 19.186  0.000 27.917  0.000 18.850 18.491 45.570
 16  0.000 17.603  0.000 34.169 19.006  0.000 27.469  0.000 18.546 17.949 45.243
 15  0.000 18.086  0.000 34.864 19.441  0.000 28.139  0.000 18.841 18.078 46.305
 14  0.000 18.373  0.000 35.196 19.702  0.000 28.694  0.000 18.943 18.065 47.147
 13  0.000 19.063  0.000 36.156 20.441  0.000 29.814  0.000 19.435 18.381 48.685
 12  0.000 19.507  0.000 36.653 20.926  0.000 31.399  0.000 19.739 18.472 50.053
 11  0.000 19.943  0.000 36.964 21.431  0.000 32.015  0.000 20.027 18.558 50.798
 10  0.000 21.301  0.000 37.696 22.855  0.000 32.651  0.000 20.669 19.184 51.743
  9  0.000 21.857  0.000 38.209 23.291  0.000 33.013  0.000 20.207 19.463 52.303
  8  0.000 22.032  0.000 38.549 22.456  0.000 33.033  0.000 20.144 19.640 52.401
  7  0.000 22.171  0.000 39.040 22.285  0.000 32.479  0.000 20.358 19.847 51.969
  6  0.000 22.624  0.000 39.821 22.718  0.000 32.387  0.000 20.715 20.102 52.091
  5  0.000 23.200  0.000 40.414 23.222  0.000 32.189  0.000 20.906 20.175 52.119
  4  0.000 23.188  0.000 39.925 23.165  0.000 31.100  0.000 20.356 19.623 51.003
  3  0.000 21.094  0.000 36.490 21.025  0.000 28.093  0.000 18.045 17.504 46.859
  2  0.000 15.972  0.000 28.448 15.931  0.000 21.676  0.000 13.462 13.121 37.153
  1  0.000  4.223  0.000  8.021  4.248  0.000  5.635  0.000  3.596  3.507 10.494
 25  6.644  0.000  3.268  3.933  0.000  3.481  0.000  6.416  0.000  3.382  8.246
 24 10.342  0.000  5.022  6.397  0.000  5.339  0.000 10.084  0.000  5.249 13.113
 23 26.445  0.000 13.567 17.743  0.000 14.421  0.000 26.652  0.000 14.352 33.087
 22 30.139  0.000 15.852 21.152  0.000 16.860  0.000 31.540  0.000 16.890 38.683
 21 30.727  0.000 15.712 22.008  0.000 16.814  0.000 33.959  0.000 16.856 40.713
 20 32.209  0.000 16.725 23.593  0.000 17.827  0.000 35.988  0.000 17.990 43.147
 19 33.078  0.000 17.509 24.789  0.000 18.535  0.000 37.289  0.000 18.778 44.865
 18 33.441  0.000 17.986 25.607  0.000 18.924  0.000 38.153  0.000 19.084 45.902
 17 34.081  0.000 18.516 26.540  0.000 19.352  0.000 39.140  0.000 18.895 47.087
 16 33.770  0.000 18.463 26.294  0.000 19.143  0.000 38.619  0.000 18.779 46.648
 15 34.367  0.000 18.928 27.082  0.000 19.521  0.000 39.520  0.000 19.268 47.767
 14 34.644  0.000 19.187 27.725  0.000 19.732  0.000 40.300  0.000 19.542 48.724
 13 35.504  0.000 19.936 28.963  0.000 20.442  0.000 41.477  0.000 20.264 50.741
 12 35.916  0.000 20.466 30.782  0.000 20.912  0.000 42.198  0.000 20.745 53.082
 11 36.143  0.000 21.070 31.688  0.000 21.417  0.000 42.553  0.000 21.149 54.270
 10 36.768  0.000 22.680 32.780  0.000 22.876  0.000 42.970  0.000 21.821 55.390
  9 37.239  0.000 23.512 33.578  0.000 23.432  0.000 43.139  0.000 22.107 55.672
  8 37.571  0.000 24.016 33.584  0.000 22.888  0.000 43.061  0.000 21.208 55.940
  7 38.004  0.000 24.530 34.060  0.000 22.956  0.000 42.851  0.000 20.981 56.422
  6 38.532  0.000 25.189 34.750  0.000 23.464  0.000 42.602  0.000 21.317 57.092
  5 38.627  0.000 25.575 34.996  0.000 23.870  0.000 42.093  0.000 21.695 57.288
  4 37.525  0.000 24.326 34.125  0.000 23.672  0.000 40.764  0.000 21.522 56.049
  3 33.782  0.000 21.689 30.927  0.000 21.461  0.000 37.282  0.000 19.367 51.464
  2 25.976  0.000 16.453 23.900  0.000 16.277  0.000 29.530  0.000 14.396 41.126
  1  7.249  0.000  4.427  6.203  0.000  4.339  0.000  8.047  0.000  3.953 11.829
 25  4.717  7.175  0.000  4.770  4.368  0.000  4.709  0.000  3.889  6.517  9.122
 24  7.599 11.123  0.000  7.646  7.033  0.000  7.534  0.000  5.930 10.541 14.442
 23 20.590 28.284  0.000 20.564 19.183  0.000 20.356  0.000 15.740 27.861 35.901
 22 24.399 32.669  0.000 24.250 22.726  0.000 24.071  0.000 18.093 32.945 41.740
 21 25.467 33.459  0.000 24.907 23.363  0.000 25.049  0.000 17.530 35.423 43.859
 20 27.223 33.743  0.000 26.605 24.992  0.000 26.739  0.000 17.911 37.389 45.610
 19 28.474 34.087  0.000 27.927 26.205  0.000 27.914  0.000 18.155 38.504 46.181
 18 29.237 34.145  0.000 28.832 26.999  0.000 28.583  0.000 18.162 38.685 46.183
 17 30.137 34.268  0.000 29.932 27.943  0.000 29.364  0.000 18.123 39.142 46.857
 16 29.811 32.781  0.000 30.060 27.963  0.000 28.959  0.000 17.618 38.290 46.172
 15 30.601 32.891  0.000 30.991 28.764  0.000 29.624  0.000 17.831 39.125 47.025
 14 31.216 33.053  0.000 31.620 29.347  0.000 30.156  0.000 17.907 40.008 47.701
 13 32.517 34.126  0.000 32.797 30.445  0.000 31.424  0.000 18.287 41.457 49.089
 12 34.311 35.699  0.000 33.665 31.264  0.000 33.189  0.000 18.471 42.537 50.121
 11 35.153 36.308  0.000 34.437 31.871  0.000 34.035  0.000 18.692 43.242 50.450
 10 36.115 37.102  0.000 35.611 32.720  0.000 34.966  0.000 19.645 44.009 50.700
  9 36.640 37.568  0.000 36.648 33.367  0.000 34.999  0.000 19.090 44.471 50.097
  8 36.090 37.754  0.000 37.496 33.818  0.000 35.361  0.000 18.936 44.629 49.759
  7 35.411 38.003  0.000 38.315 34.290  0.000 36.033  0.000 19.087 44.575 49.768
  6 35.562 38.502  0.000 38.974 34.809  0.000 36.841  0.000 19.314 44.387 49.871
  5 35.775 38.794  0.000 38.360 34.919  0.000 37.237  0.000 19.337 43.814 49.516
  4 35.010 38.066  0.000 36.658 34.020  0.000 36.529  0.000 18.656 42.351 48.160
  3 31.769 34.708  0.000 32.928 30.771  0.000 33.398  0.000 16.455 38.617 44.250
  2 24.547 27.102  0.000 25.219 23.655  0.000 26.034  0.000 12.236 30.312 35.162
  1  6.458  7.287  0.000  6.976  6.521  0.000  6.890  0.000  3.279  8.215  9.819
 25  4.713  7.168  0.000  4.770  4.360  0.000  4.705  0.000  3.877  8.176  9.549
 24  7.596 11.122  0.000  7.646  7.021  0.000  7.530  0.000  5.913 12.947 15.026
 23 20.579 28.291  0.000 20.570 19.151  0.000 20.355  0.000 15.697 32.654 37.181
 22 24.353 32.637  0.000 24.264 22.675  0.000 24.066  0.000 18.042 37.943 43.126
 21 25.359 33.158  0.000 24.925 23.284  0.000 25.037  0.000 17.476 39.318 45.337
 20 27.064 33.392  0.000 26.627 24.887  0.000 26.716  0.000 17.853 40.254 46.959
 19 28.291 33.749  0.000 27.951 26.084  0.000 27.879  0.000 18.094 40.354 47.261
 18 29.053 33.860  0.000 28.856 26.874  0.000 28.540  0.000 18.100 40.424 46.944
 17 29.976 34.088  0.000 29.954 27.822  0.000 29.312  0.000 18.067 40.786 47.177
 16 29.695 32.917  0.000 30.078 27.853  0.000 28.899  0.000 17.575 39.732 45.591
 15 30.515 33.112  0.000 31.006 28.664  0.000 29.563  0.000 17.801 40.321 45.876
 14 31.144 33.308  0.000 31.632 29.258  0.000 30.099  0.000 17.887 40.908 46.377
 13 32.447 34.279  0.000 32.810 30.362  0.000 31.370  0.000 18.276 42.276 47.702
 12 34.232 34.976  0.000 33.679 31.185  0.000 33.138  0.000 18.462 43.895 49.151
 11 35.062 35.472  0.000 34.450 31.791  0.000 33.990  0.000 18.690 44.523 49.633
 10 36.006 36.256  0.000 35.623 32.637  0.000 34.918  0.000 19.652 45.012 49.955
  9 36.531 36.711  0.000 36.659 33.289  0.000 34.945  0.000 19.105 45.138 49.868
  8 36.041 36.877  0.000 37.508 33.744  0.000 35.295  0.000 18.960 44.954 49.552
  7 35.388 37.118  0.000 38.334 34.218  0.000 35.959  0.000 19.113 44.704 49.057
  6 35.529 37.566  0.000 39.004 34.719  0.000 36.751  0.000 19.334 44.533 48.739
  5 35.695 37.713  0.000 38.401 34.800  0.000 37.125  0.000 19.341 44.125 48.122
  4 34.854 36.738  0.000 36.712 33.871  0.000 36.394  0.000 18.640 42.948 46.636
  3 31.560 33.164  0.000 32.988 30.602  0.000 33.249  0.000 16.429 39.410 42.835
  2 24.340 25.494  0.000 25.268 23.490  0.000 25.899  0.000 12.216 31.129 34.274
  1  6.395  7.105  0.000  6.989  6.469  0.000  6.851  0.000  3.275  8.561  9.656
 25  6.634  0.000  3.270  3.924  0.000  3.480  0.000  6.411  0.000  3.373  7.193
 24 10.331  0.000  5.027  6.384  0.000  5.339  0.000 10.080  0.000  5.234 11.595
 23 26.422  0.000 13.571 17.703  0.000 14.414  0.000 26.652  0.000 14.304 30.195
 22 30.118  0.000 15.854 21.093  0.000 16.841  0.000 31.540  0.000 16.826 35.516
 21 30.704  0.000 15.712 21.927  0.000 16.781  0.000 33.958  0.000 16.780 37.439
 20 32.177  0.000 16.722 23.493  0.000 17.782  0.000 35.983  0.000 17.902 39.643
 19 33.031  0.000 17.506 24.679  0.000 18.485  0.000 37.281  0.000 18.687 41.071
 18 33.376  0.000 17.983 25.493  0.000 18.874  0.000 38.141  0.000 18.999 41.884
 17 34.002  0.000 18.512 26.426  0.000 19.305  0.000 39.123  0.000 18.824 42.859
 16 33.686  0.000 18.457 26.183  0.000 19.105  0.000 38.599  0.000 18.727 42.425
 15 34.281  0.000 18.922 26.974  0.000 19.487  0.000 39.497  0.000 19.232 43.508
 14 34.560  0.000 19.180 27.623  0.000 19.699  0.000 40.277  0.000 19.519 44.451
 13 35.419  0.000 19.932 28.864  0.000 20.410  0.000 41.455  0.000 20.252 45.977
 12 35.823  0.000 20.469 30.689  0.000 20.887  0.000 42.180  0.000 20.740 47.464
 11 36.054  0.000 21.074 31.604  0.000 21.395  0.000 42.539  0.000 21.146 48.298
 10 36.692  0.000 22.685 32.699  0.000 22.859  0.000 42.961  0.000 21.822 49.220
  9 37.186  0.000 23.519 33.516  0.000 23.423  0.000 43.134  0.000 22.113 49.717
  8 37.549  0.000 24.027 33.591  0.000 22.892  0.000 43.056  0.000 21.220 49.869
  7 38.004  0.000 24.552 34.081  0.000 22.984  0.000 42.843  0.000 21.004 49.975
  6 38.540  0.000 25.232 34.750  0.000 23.534  0.000 42.588  0.000 21.355 50.105
  5 38.628  0.000 25.650 34.953  0.000 23.997  0.000 42.068  0.000 21.748 49.920
  4 37.505  0.000 24.440 34.030  0.000 23.862  0.000 40.726  0.000 21.584 48.736
  3 33.747  0.000 21.816 30.799  0.000 21.668  0.000 37.237  0.000 19.425 44.814
  2 25.943  0.000 16.554 23.771  0.000 16.428  0.000 29.493  0.000 14.435 35.646
  1  7.240  0.000  4.451  6.162  0.000  4.374  0.000  8.035  0.000  3.961  9.969
 25  0.000  2.848  0.000  6.465  3.303  0.000  4.305  0.000  3.710  3.853  8.233
 24  0.000  4.471  0.000 10.084  5.111  0.000  7.019  0.000  5.691  5.888 13.093
 23  0.000 12.359  0.000 26.035 13.918  0.000 19.425  0.000 15.185 15.583 33.042
 22  0.000 14.649  0.000 30.284 16.373  0.000 23.231  0.000 17.381 17.430 38.624
 21  0.000 14.630  0.000 31.158 16.390  0.000 24.420  0.000 17.215 17.391 40.641
 20  0.000 15.707  0.000 32.726 17.497  0.000 26.164  0.000 17.794 18.090 43.065
 19  0.000 16.530  0.000 33.105 18.285  0.000 27.232  0.000 18.224 18.385 44.777
 18  0.000 17.034  0.000 33.429 18.694  0.000 27.339  0.000 18.427 18.372 45.814
 17  0.000 17.594  0.000 34.205 19.129  0.000 27.928  0.000 18.769 18.462 47.004
 16  0.000 17.561  0.000 34.054 18.963  0.000 27.477  0.000 18.496 17.916 46.573
 15  0.000 18.062  0.000 34.762 19.410  0.000 28.143  0.000 18.818 18.043 47.702
 14  0.000 18.361  0.000 35.109 19.679  0.000 28.694  0.000 18.941 18.027 48.668
 13  0.000 19.060  0.000 36.081 20.426  0.000 29.811  0.000 19.449 18.335 50.694
 12  0.000 19.508  0.000 36.586 20.916  0.000 31.392  0.000 19.769 18.412 53.045
 11  0.000 19.943  0.000 36.908 21.423  0.000 32.005  0.000 20.066 18.497 54.239
 10  0.000 21.300  0.000 37.652 22.851  0.000 32.637  0.000 20.713 19.137 55.367
  9  0.000 21.856  0.000 38.178 23.293  0.000 33.001  0.000 20.253 19.439 55.661
  8  0.000 22.036  0.000 38.529 22.468  0.000 33.022  0.000 20.186 19.643 55.939
  7  0.000 22.181  0.000 39.026 22.313  0.000 32.475  0.000 20.392 19.864 56.434
  6  0.000 22.643  0.000 39.804 22.767  0.000 32.402  0.000 20.739 20.117 57.120
  5  0.000 23.228  0.000 40.383 23.297  0.000 32.234  0.000 20.916 20.172 57.331
  4  0.000 23.217  0.000 39.865 23.267  0.000 31.178  0.000 20.350 19.595 56.108
  3  0.000 21.113  0.000 36.409 21.136  0.000 28.193  0.000 18.030 17.462 51.539
  2  0.000 15.977  0.000 28.373 16.020  0.000 21.770  0.000 13.447 13.090 41.201
  1  0.000  4.222  0.000  7.999  4.271  0.000  5.663  0.000  3.593  3.502 11.856
 25  4.760  4.292  6.420  3.128  0.000  6.573  0.000  7.030  3.877  2.306  7.186
 24  7.632  7.003 10.032  4.851  0.000 10.218  0.000 10.926  5.918  3.677 11.587
 23 20.517 19.375 25.823 13.245  0.000 26.274  0.000 27.952 15.563 10.291 30.182
 22 24.182 23.087 30.051 15.548  0.000 30.592  0.000 32.508 17.185 12.274 35.503
 21 24.802 23.897 30.916 15.435  0.000 31.797  0.000 33.831 16.682 12.424 37.428
 20 26.463 25.531 32.685 16.451  0.000 33.601  0.000 35.495 17.343 13.351 39.633
 19 27.742 26.579 33.786 17.227  0.000 34.698  0.000 36.277 17.712 14.122 41.064
 18 28.601 26.716 34.208 17.719  0.000 35.163  0.000 36.285 17.807 14.692 41.882
 17 29.662 27.401 34.852 18.302  0.000 35.723  0.000 35.780 17.995 15.328 42.863
 16 29.770 27.302 34.590 18.312  0.000 35.011  0.000 33.962 17.545 15.340 42.437
 15 30.661 28.065 35.294 18.844  0.000 35.502  0.000 33.869 17.695 15.860 43.529
 14 31.235 28.658 35.689 19.148  0.000 35.823  0.000 33.987 17.691 16.217 44.479
 13 32.364 29.662 36.798 19.889  0.000 37.046  0.000 34.991 18.009 16.854 46.010
 12 33.149 30.392 37.471 20.387  0.000 38.635  0.000 36.518 18.098 17.324 47.492
 11 33.853 30.910 37.931 20.929  0.000 39.283  0.000 37.049 18.241 17.820 48.312
 10 35.085 31.512 38.834 22.450  0.000 40.193  0.000 37.736 19.291 18.933 49.227
  9 36.242 31.823 39.463 23.070  0.000 40.586  0.000 37.954 19.681 19.707 49.713
  8 37.217 31.780 39.646 22.568  0.000 39.982  0.000 37.101 19.915 20.239 49.853
  7 38.223 31.139 39.273 22.577  0.000 39.960  0.000 36.534 20.173 20.707 49.945
  6 39.388 30.880 39.765 23.027  0.000 40.522  0.000 36.683 20.474 21.173 50.058
  5 39.968 30.378 40.439 23.437  0.000 40.977  0.000 36.807 20.537 21.126 49.854
  4 38.618 28.914 40.105 23.150  0.000 40.483  0.000 36.097 19.880 19.512 48.654
  3 34.855 25.682 36.691 20.798  0.000 37.282  0.000 32.995 17.619 17.009 44.723
  2 26.893 19.372 28.519 15.637  0.000 29.435  0.000 25.808 13.165 12.652 35.562
  1  7.456  5.295  8.065  4.164  0.000  8.031  0.000  6.948  3.539  3.355  9.942
 25  4.380  0.000  3.147  0.000  5.014  0.000  2.805  0.000  6.600  2.333  9.572
 24  7.060  0.000  4.871  0.000  7.955  0.000  4.408  0.000 10.691  3.715 15.039
 23 19.258  0.000 13.289  0.000 21.310  0.000 12.200  0.000 28.169 10.413 36.972
 22 22.829  0.000 15.627  0.000 24.909  0.000 14.475  0.000 33.293 12.455 42.286
 21 23.483  0.000 15.573  0.000 25.474  0.000 14.466  0.000 35.770 12.672 44.229
 20 25.125  0.000 16.654  0.000 25.940  0.000 15.547  0.000 37.902 13.678 46.249
 19 26.355  0.000 17.486  0.000 26.322  0.000 16.386  0.000 39.151 14.499 47.274
 18 27.168  0.000 17.993  0.000 26.519  0.000 16.917  0.000 39.289 15.083 47.598
 17 28.127  0.000 18.546  0.000 26.851  0.000 17.489  0.000 40.065 15.701 48.036
 16 28.145  0.000 18.496  0.000 26.042  0.000 17.440  0.000 39.646 15.669 46.491
 15 28.960  0.000 18.990  0.000 26.375  0.000 17.936  0.000 40.713 16.166 46.819
 14 29.571  0.000 19.290  0.000 26.656  0.000 18.254  0.000 41.720 16.514 47.335
 13 30.708  0.000 20.070  0.000 27.487  0.000 18.954  0.000 43.405 17.178 48.731
 12 31.567  0.000 20.611  0.000 28.913  0.000 19.423  0.000 44.733 17.685 50.283
 11 32.200  0.000 21.209  0.000 29.358  0.000 19.930  0.000 45.671 18.207 50.835
 10 33.039  0.000 22.788  0.000 29.772  0.000 21.370  0.000 46.692 19.313 51.340
  9 33.663  0.000 23.420  0.000 29.999  0.000 21.874  0.000 47.438 20.051 51.429
  8 34.075  0.000 22.887  0.000 30.004  0.000 21.237  0.000 47.923 20.557 51.257
  7 34.492  0.000 22.929  0.000 29.895  0.000 21.138  0.000 48.281 20.964 50.925
  6 34.895  0.000 23.420  0.000 29.762  0.000 21.509  0.000 48.441 21.208 50.799
  5 34.652  0.000 23.876  0.000 29.451  0.000 21.920  0.000 48.021 20.539 50.382
  4 32.813  0.000 23.759  0.000 28.511  0.000 21.783  0.000 46.663 19.877 48.945
  3 29.338  0.000 21.587  0.000 25.809  0.000 19.762  0.000 42.835 17.825 44.923
  2 22.375  0.000 16.362  0.000 19.960  0.000 14.948  0.000 33.867 13.364 35.904
  1  6.140  0.000  4.359  0.000  5.223  0.000  3.976  0.000  9.330  3.548 10.174
 25  0.000  3.460  0.000  6.585  0.000  7.314  0.000  4.989  2.615  7.210
 24  0.000  5.316  0.000 10.257  0.000 11.314  0.000  7.912  4.131 11.628
 23  0.000 14.360  0.000 26.410  0.000 28.546  0.000 21.183 11.522 30.263
 22  0.000 16.777  0.000 30.801  0.000 32.422  0.000 24.594 13.640 35.607
 21  0.000 16.716  0.000 32.061  0.000 33.253  0.000 25.286 13.420 37.546
 20  0.000 17.701  0.000 33.852  0.000 34.490  0.000 26.257 14.359 39.763
 19  0.000 18.351  0.000 34.841  0.000 34.724  0.000 26.527 15.145 41.195
 18  0.000 18.680  0.000 35.163  0.000 33.944  0.000 26.589 15.714 42.010
 17  0.000 19.127  0.000 35.678  0.000 33.761  0.000 26.828 16.402 42.988
 16  0.000 18.979  0.000 35.033  0.000 32.562  0.000 25.819 16.665 42.566
 15  0.000 19.385  0.000 35.576  0.000 32.666  0.000 26.093 17.267 43.653
 14  0.000 19.555  0.000 35.896  0.000 32.714  0.000 26.374 17.654 44.596
 13  0.000 20.178  0.000 37.091  0.000 33.591  0.000 27.187 18.354 46.116
 12  0.000 20.583  0.000 38.620  0.000 34.936  0.000 28.594 18.847 47.581
 11  0.000 21.029  0.000 39.204  0.000 35.365  0.000 29.030 19.329 48.395
 10  0.000 22.429  0.000 40.031  0.000 36.021  0.000 29.428 20.105 49.296
  9  0.000 22.932  0.000 40.397  0.000 36.478  0.000 29.629 20.754 49.774
  8  0.000 22.367  0.000 39.816  0.000 36.760  0.000 29.581 20.994 49.918
  7  0.000 22.419  0.000 39.781  0.000 37.084  0.000 29.387 20.321 50.015
  6  0.000 22.915  0.000 40.311  0.000 37.511  0.000 29.145 20.237 50.130
  5  0.000 23.361  0.000 40.766  0.000 37.664  0.000 28.724 20.246 49.924
  4  0.000 23.184  0.000 40.264  0.000 36.913  0.000 27.694 19.455 48.707
  3  0.000 20.967  0.000 37.022  0.000 33.719  0.000 24.959 17.019 44.742
  2  0.000 15.861  0.000 29.210  0.000 26.352  0.000 19.204 12.489 35.550
  1  0.000  4.232  0.000  7.981  0.000  7.081  0.000  5.007  3.460  9.930
 25  4.690  0.000  5.490  0.000  2.795  0.000  2.482  6.487  6.987  8.346
 24  7.497  0.000  8.646  0.000  4.396  0.000  3.921 10.320 11.204 13.213
 23 20.280  0.000 22.873  0.000 12.155  0.000 11.013 27.317 29.311 33.304
 22 23.974  0.000 26.365  0.000 14.395  0.000 13.018 32.300 34.546 38.898
 21 24.950  0.000 27.224  0.000 14.337  0.000 12.841 34.796 37.120 41.212
 20 26.646  0.000 28.645  0.000 15.367  0.000 13.785 36.809 39.350 43.548
 19 27.845  0.000 29.415  0.000 16.180  0.000 14.580 38.014 40.809 45.086
 18 28.561  0.000 29.696  0.000 16.716  0.000 15.135 38.716 41.628 45.947
 17 29.382  0.000 30.095  0.000 17.328  0.000 15.739 39.477 42.103 46.839
 16 29.008  0.000 29.270  0.000 17.346  0.000 15.821 38.760 41.466 45.645
 15 29.706  0.000 29.640  0.000 17.888  0.000 16.320 39.516 42.500 46.431
 14 30.274  0.000 29.934  0.000 18.223  0.000 16.646 40.285 43.408 47.208
 13 31.575  0.000 30.871  0.000 18.927  0.000 17.377 41.487 45.070 48.784
 12 33.376  0.000 32.303  0.000 19.392  0.000 18.025 42.356 46.200 49.966
 11 34.252  0.000 32.791  0.000 19.856  0.000 19.365 42.825 46.987 50.894
 10 35.082  0.000 33.357  0.000 21.265  0.000 20.384 43.233 47.868 52.165
  9 35.052  0.000 33.691  0.000 21.919  0.000 21.254 43.292 48.259 53.021
  8 35.283  0.000 33.807  0.000 22.088  0.000 21.981 43.037 47.626 53.192
  7 35.775  0.000 33.911  0.000 21.444  0.000 22.676 42.620 47.445 53.581
  6 36.387  0.000 34.076  0.000 21.494  0.000 23.398 42.104 47.579 54.131
  5 36.630  0.000 33.989  0.000 21.840  0.000 23.938 41.279 47.428 54.079
  4 35.873  0.000 33.132  0.000 21.635  0.000 23.868 39.687 46.171 52.695
  3 32.779  0.000 30.311  0.000 19.495  0.000 21.742 36.048 42.182 48.313
  2 25.539  0.000 23.773  0.000 14.627  0.000 16.543 28.402 33.273 38.331
  1  6.765  0.000  6.299  0.000  3.874  0.000  4.288  7.717  9.154 10.886
 25  0.000  6.278  0.000  6.404  0.000  3.676  2.630  7.742
 24  0.000 10.204  0.000 10.000  0.000  6.027  4.147 12.360
 23  0.000 27.065  0.000 25.728  0.000 16.934 11.542 31.620
 22  0.000 32.077  0.000 29.895  0.000 20.295 13.751 37.007
 21  0.000 34.066  0.000 30.703  0.000 21.185 14.034 39.013
 20  0.000 36.361  0.000 32.440  0.000 22.757 15.137 40.920
 19  0.000 38.043  0.000 33.564  0.000 23.936 16.001 41.706
 18  0.000 39.245  0.000 34.046  0.000 24.761 16.579 42.262
 17  0.000 40.534  0.000 34.730  0.000 25.675 17.191 43.065
 16  0.000 40.357  0.000 34.456  0.000 25.400 17.129 42.431
 15  0.000 41.487  0.000 35.154  0.000 26.171 17.638 43.431
 14  0.000 42.394  0.000 35.556  0.000 26.829 17.986 44.338
 13  0.000 43.829  0.000 36.657  0.000 27.990 18.695 45.971
 12  0.000 44.791  0.000 37.337  0.000 29.689 19.203 47.245
 11  0.000 45.153  0.000 37.846  0.000 30.431 19.724 48.237
 10  0.000 45.524  0.000 38.788  0.000 31.189 20.840 49.461
  9  0.000 45.626  0.000 39.274  0.000 31.615 21.491 50.300
  8  0.000 45.589  0.000 38.746  0.000 31.162 21.697 50.917
  7  0.000 45.587  0.000 38.809  0.000 31.068 21.066 51.227
  6  0.000 45.652  0.000 39.451  0.000 31.115 21.090 51.429
  5  0.000 45.420  0.000 39.954  0.000 30.830 21.260 50.707
  4  0.000 44.351  0.000 39.407  0.000 29.734 20.834 49.385
  3  0.000 40.938  0.000 35.926  0.000 26.740 18.691 45.414
  2  0.000 32.576  0.000 27.860  0.000 20.461 14.026 36.005
  1  0.000  8.951  0.000  7.848  0.000  5.249  3.725 10.139
 25  3.249  0.000  3.726  3.294  4.724  2.853  8.221
 24  5.009  0.000  5.705  5.102  7.610  4.450 13.031
 23 13.566  0.000 15.225 13.944 20.625 12.234 32.909
 22 15.850  0.000 17.401 16.382 24.473 14.397 38.439
 21 15.700  0.000 17.204 16.258 25.593 14.236 40.415
 20 16.689  0.000 17.780 17.327 27.398 15.208 42.852
 19 17.459  0.000 18.271 18.081 28.673 15.998 44.604
 18 17.910  0.000 18.556 18.480 29.440 16.527 45.707
 17 18.253  0.000 18.894 18.990 30.323 17.125 46.924
 16 18.125  0.000 18.563 19.127 29.970 17.143 46.578
 15 18.480  0.000 18.852 19.674 30.749 17.636 47.565
 14 18.197  0.000 19.005 19.977 31.378 17.915 48.382
 13 18.668  0.000 19.590 20.725 32.738 18.610 50.103
 12 19.083  0.000 19.972 21.209 34.586 19.118 51.875
 11 19.598  0.000 20.329 21.622 35.458 19.717 52.751
 10 21.126  0.000 21.065 22.348 36.407 21.351 53.593
  9 21.888  0.000 20.708 22.842 36.879 22.266 53.713
  8 22.317  0.000 20.711 22.892 36.297 22.888 53.231
  7 22.758  0.000 20.976 22.146 35.624 23.493 53.413
  6 23.345  0.000 21.352 22.256 35.844 24.263 54.006
  5 23.795  0.000 21.509 22.680 36.117 24.720 54.245
  4 23.617  0.000 20.919 22.529 35.472 23.460 53.241
  3 21.361  0.000 18.524 20.272 32.300 20.846 49.204
  2 16.142  0.000 13.788 15.110 25.022 15.715 39.367
  1  4.336  0.000  3.675  4.163  6.588  4.181 11.273
 25  5.986  2.468  3.747  3.731  2.877  8.855  7.885
 24  9.788  3.903  5.752  5.728  4.479 14.017 12.631
 23 26.263 10.809 15.479 15.424 12.297 34.867 32.209
 22 31.198 12.802 18.042 17.988 14.486 39.867 37.658
 21 33.392 12.627 17.981 18.014 14.374 41.455 39.491
 20 35.598 13.526 18.254 18.845 15.401 43.503 41.754
 19 37.155 14.289 18.599 18.609 16.239 44.800 43.276
 18 38.218 14.825 18.776 18.531 16.795 45.495 43.837
 17 39.387 15.418 18.913 18.736 17.402 46.436 44.893
 16 39.004 15.459 17.992 18.353 17.426 45.802 44.630
 15 40.096 15.935 18.084 18.605 17.943 46.733 45.805
 14 41.061 16.226 18.190 18.702 18.262 47.477 46.756
 13 42.524 16.889 18.681 19.176 19.042 49.100 48.639
 12 43.616 17.388 18.925 19.388 19.627 50.959 50.699
 11 44.420 18.004 19.189 19.604 20.277 51.591 51.840
 10 45.356 19.700 20.332 20.687 21.915 51.710 52.976
  9 45.959 20.772 20.718 21.021 22.815 51.769 53.490
  8 46.443 21.642 20.847 21.120 23.401 51.326 53.968
  7 46.569 22.472 20.984 21.244 23.974 51.429 54.603
  6 46.689 23.371 21.264 21.537 24.533 51.860 55.310
  5 46.512 24.051 21.459 21.732 24.118 51.967 55.442
  4 45.283 23.840 21.103 21.330 23.778 50.958 54.140
  3 41.489 21.351 18.983 19.181 21.693 46.856 49.672
  2 32.829 16.018 14.348 14.538 16.461 37.202 39.506
  1  9.010  4.221  3.843  3.898  4.379 10.506 11.232
 25  9.009  7.703  8.221  8.897 10.463
 24 14.204 12.302 13.081 14.066 16.258
 23 35.309 31.439 33.018 34.938 39.255
 22 40.775 36.804 38.589 40.330 45.054
 21 42.929 38.683 40.586 41.922 47.202
 20 44.770 41.042 42.978 43.749 49.288
 19 45.921 42.778 44.661 44.918 49.851
 18 46.488 43.931 45.666 45.087 50.052
 17 47.342 45.242 46.819 45.872 50.430
 16 46.661 45.025 46.346 45.277 48.613
 15 47.575 46.215 47.406 46.243 48.917
 14 48.282 47.127 48.283 47.045 49.307
 13 49.905 48.669 50.197 48.728 50.658
 12 50.840 50.111 52.448 50.577 52.158
 11 51.408 50.917 53.597 51.469 52.669
 10 52.098 52.013 54.763 52.399 53.230
  9 52.024 52.758 55.104 52.518 53.386
  8 52.190 53.215 55.430 52.778 53.269
  7 52.675 53.680 56.002 53.320 53.254
  6 53.282 54.129 56.780 53.988 53.311
  5 53.450 53.863 57.074 54.151 53.006
  4 52.315 51.705 55.834 52.960 51.717
  3 48.083 47.053 51.217 48.668 47.703
  2 38.343 37.266 40.892 38.715 38.224
  1 10.894 10.535 11.749 11.021 10.937
