 25         0.048  0.073  0.099  0.122  0.128  0.162  0.153  0.187  0.166  0.194
 24         0.086  0.126  0.167  0.199  0.194  0.256  0.227  0.292  0.242  0.303
 23         0.197  0.300  0.394  0.533  0.554  0.646  0.638  0.652  0.678  0.700
 22         0.239  0.356  0.463  0.632  0.656  0.751  0.747  0.749  0.789  0.801
 21         0.267  0.395  0.509  0.675  0.672  0.792  0.747  0.805  0.783  0.856
 20         0.283  0.419  0.544  0.743  0.733  0.864  0.807  0.855  0.838  0.900
 19         0.298  0.443  0.579  0.803  0.788  0.926  0.859  0.896  0.880  0.929
 18         0.317  0.471  0.614  0.856  0.837  0.979  0.903  0.931  0.908  0.946
 17         0.334  0.503  0.654  0.918  0.900  1.045  0.962  0.978  0.949  0.971
 16         0.372  0.561  0.757  1.037  1.056  1.184  1.125  1.116  1.094  1.085
 15         0.389  0.590  0.802  1.106  1.130  1.260  1.197  1.176  1.152  1.129
 14         0.404  0.615  0.843  1.166  1.188  1.321  1.252  1.224  1.197  1.167
 13         0.408  0.636  0.866  1.246  1.273  1.410  1.338  1.294  1.279  1.232
 12         0.407  0.650  0.902  1.314  1.348  1.488  1.416  1.345  1.362  1.286
 11         0.408  0.664  0.938  1.380  1.482  1.561  1.577  1.409  1.531  1.358
 10         0.404  0.669  0.971  1.447  1.568  1.637  1.671  1.480  1.639  1.440
  9         0.389  0.665  0.995  1.496  1.632  1.690  1.739  1.539  1.725  1.522
  8         0.368  0.662  1.004  1.523  1.674  1.720  1.780  1.588  1.800  1.592
  7         0.335  0.637  0.999  1.544  1.704  1.739  1.799  1.630  1.886  1.659
  6         0.300  0.602  0.981  1.570  1.751  1.766  1.839  1.691  1.998  1.741
  5         0.270  0.565  0.959  1.590  1.808  1.812  1.904  1.768  2.123  1.835
  4         0.247  0.532  0.929  1.556  1.805  1.825  1.932  1.828  2.229  1.920
  3         0.227  0.493  0.867  1.430  1.628  1.685  1.759  1.747  2.120  1.877
  2         0.192  0.411  0.712  1.140  1.236  1.318  1.346  1.445  1.662  1.584
  1         0.060  0.121  0.196  0.277  0.285  0.327  0.316  0.400  0.396  0.448
