 25                                            0.056  0.063  0.068  0.071  0.071
 24                                            0.101  0.110  0.117  0.121  0.121
 23                                            0.235  0.249  0.278  0.258  0.266
 22                                            0.284  0.299  0.330  0.305  0.315
 21                                            0.319  0.335  0.367  0.339  0.351
 20                                            0.340  0.359  0.389  0.363  0.372
 19                                            0.359  0.380  0.409  0.385  0.390
 18                                            0.381  0.402  0.432  0.411  0.411
 17                                            0.399  0.423  0.452  0.436  0.430
 16                                            0.440  0.474  0.516  0.487  0.480
 15                                            0.460  0.498  0.543  0.513  0.502
 14                                            0.482  0.524  0.570  0.543  0.525
 13                                            0.496  0.541  0.594  0.563  0.538
 12                                            0.508  0.557  0.603  0.582  0.555
 11                                            0.520  0.577  0.627  0.603  0.573
 10                                            0.519  0.593  0.646  0.616  0.585
  9                                            0.504  0.596  0.656  0.623  0.597
  8                                            0.470  0.582  0.656  0.621  0.599
  7                                            0.420  0.548  0.645  0.611  0.589
  6                                            0.367  0.503  0.626  0.588  0.569
  5                                            0.323  0.462  0.604  0.559  0.541
  4                                            0.297  0.426  0.579  0.531  0.517
  3                                            0.272  0.391  0.540  0.499  0.491
  2                                            0.230  0.330  0.452  0.431  0.429
  1                                            0.073  0.104  0.131  0.139  0.139
 25                              0.050  0.069  0.083  0.094  0.100  0.103  0.107
 24                              0.090  0.122  0.144  0.160  0.168  0.170  0.178
 23                              0.216  0.279  0.404  0.427  0.441  0.465  0.423
 22                              0.260  0.337  0.493  0.519  0.531  0.554  0.494
 21                              0.291  0.378  0.539  0.584  0.593  0.579  0.540
 20                              0.308  0.403  0.596  0.641  0.650  0.636  0.573
 19                              0.323  0.428  0.646  0.692  0.699  0.685  0.602
 18                              0.340  0.458  0.690  0.737  0.741  0.728  0.631
 17                              0.354  0.484  0.738  0.787  0.789  0.776  0.663
 16                              0.387  0.540  0.817  0.877  0.881  0.860  0.744
 15                              0.402  0.568  0.872  0.935  0.938  0.916  0.782
 14                              0.417  0.597  0.930  0.996  0.996  0.972  0.822
 13                              0.423  0.617  0.997  1.076  1.074  1.049  0.865
 12                              0.429  0.634  1.061  1.152  1.151  1.124  0.911
 11                              0.431  0.652  1.121  1.227  1.227  1.200  0.959
 10                              0.423  0.657  1.170  1.303  1.312  1.283  1.003
  9                              0.402  0.646  1.192  1.355  1.372  1.339  1.040
  8                              0.371  0.612  1.157  1.359  1.407  1.378  1.070
  7                              0.332  0.552  1.058  1.311  1.421  1.409  1.092
  6                              0.290  0.483  0.942  1.244  1.434  1.440  1.100
  5                              0.257  0.427  0.865  1.182  1.437  1.455  1.090
  4                              0.237  0.386  0.793  1.117  1.396  1.425  1.071
  3                              0.219  0.352  0.704  1.012  1.282  1.329  1.027
  2                              0.186  0.297  0.550  0.777  1.000  1.074  0.879
  1                              0.059  0.094  0.133  0.185  0.240  0.264  0.260
 25                              0.076  0.094  0.117  0.125  0.133  0.122  0.139
 24                              0.133  0.160  0.197  0.207  0.216  0.184  0.222
 23                              0.306  0.443  0.496  0.555  0.547  0.528  0.564
 22                              0.366  0.536  0.592  0.666  0.651  0.625  0.660
 21                              0.407  0.583  0.659  0.733  0.721  0.639  0.708
 20                              0.432  0.642  0.714  0.805  0.787  0.692  0.767
 19                              0.455  0.694  0.761  0.865  0.840  0.739  0.815
 18                              0.480  0.741  0.806  0.917  0.885  0.777  0.853
 17                              0.504  0.791  0.858  0.980  0.941  0.828  0.902
 16                              0.560  0.880  0.971  1.101  1.063  0.963  1.011
 15                              0.588  0.939  1.035  1.174  1.131  1.026  1.072
 14                              0.615  0.999  1.101  1.248  1.193  1.080  1.128
 13                              0.632  1.071  1.174  1.344  1.284  1.166  1.215
 12                              0.648  1.138  1.238  1.443  1.373  1.252  1.301
 11                              0.663  1.200  1.312  1.546  1.459  1.398  1.388
 10                              0.670  1.255  1.384  1.650  1.555  1.504  1.484
  9                              0.668  1.283  1.430  1.732  1.642  1.590  1.561
  8                              0.661  1.264  1.387  1.715  1.681  1.657  1.628
  7                              0.629  1.189  1.027  1.328  1.681  1.716  1.695
  6                              0.582  1.091  0.844  1.161  1.697  1.798  1.774
  5                              0.534  1.011  0.769  1.101  1.742  1.889  1.861
  4                              0.494  0.952  0.706  1.039  1.755  1.939  1.926
  3                              0.452  0.857  0.635  0.941  1.630  1.788  1.845
  2                              0.380  0.668  0.506  0.723  1.267  1.381  1.503
  1                              0.120  0.162  0.131  0.168  0.313  0.324  0.379
 25                       0.080  0.098  0.124  0.126  0.158  0.141  0.170  0.148
 24                       0.141  0.164  0.205  0.193  0.255  0.210  0.268  0.218
 23                       0.338  0.454  0.519  0.559  0.575  0.596  0.572  0.608
 22                       0.403  0.546  0.612  0.666  0.671  0.701  0.649  0.708
 21                       0.448  0.600  0.672  0.686  0.734  0.704  0.690  0.703
 20                       0.474  0.659  0.725  0.748  0.787  0.761  0.725  0.754
 19                       0.499  0.708  0.772  0.804  0.834  0.810  0.757  0.796
 18                       0.528  0.752  0.815  0.854  0.880  0.851  0.789  0.827
 17                       0.555  0.802  0.866  0.918  0.937  0.905  0.830  0.872
 16                       0.619  0.896  0.986  1.074  1.063  1.057  0.962  1.013
 15                       0.646  0.951  1.045  1.151  1.131  1.126  1.011  1.072
 14                       0.670  1.003  1.099  1.219  1.195  1.182  1.052  1.120
 13                       0.684  1.067  1.167  1.314  1.273  1.271  1.111  1.205
 12                       0.694  1.124  1.217  1.410  1.359  1.362  1.147  1.293
 11                       0.704  1.176  1.283  1.581  1.455  1.540  1.217  1.468
 10                       0.703  1.222  1.347  1.699  1.542  1.652  1.294  1.585
  9                       0.696  1.256  1.387  1.782  1.608  1.734  1.353  1.678
  8                       0.683  1.277  1.405  1.770  1.614  1.779  1.398  1.758
  7                       0.661  1.293  1.386  1.390  1.245  1.796  1.442  1.847
  6                       0.631  1.292  1.361  1.242  1.094  1.834  1.500  1.959
  5                       0.597  1.263  1.338  1.195  1.042  1.902  1.567  2.085
  4                       0.564  1.208  1.293  1.131  0.987  1.938  1.606  2.188
  3                       0.525  1.102  1.190  0.997  0.907  1.773  1.542  2.075
  2                       0.441  0.853  0.954  0.735  0.732  1.361  1.310  1.629
  1                       0.131  0.203  0.242  0.162  0.203  0.321  0.398  0.391
 25         0.048  0.073  0.099  0.122  0.128  0.162  0.153  0.187  0.166  0.194
 24         0.086  0.126  0.167  0.199  0.194  0.256  0.227  0.292  0.242  0.303
 23         0.197  0.300  0.394  0.533  0.554  0.646  0.638  0.652  0.678  0.700
 22         0.239  0.356  0.463  0.632  0.656  0.751  0.747  0.749  0.789  0.801
 21         0.267  0.395  0.509  0.675  0.672  0.792  0.747  0.805  0.783  0.856
 20         0.283  0.419  0.544  0.743  0.733  0.864  0.807  0.855  0.838  0.900
 19         0.298  0.443  0.579  0.803  0.788  0.926  0.859  0.896  0.880  0.929
 18         0.317  0.471  0.614  0.856  0.837  0.979  0.903  0.931  0.908  0.946
 17         0.334  0.503  0.654  0.918  0.900  1.045  0.962  0.978  0.949  0.971
 16         0.372  0.561  0.757  1.037  1.056  1.184  1.125  1.116  1.094  1.085
 15         0.389  0.590  0.802  1.106  1.130  1.260  1.197  1.176  1.152  1.129
 14         0.404  0.615  0.843  1.166  1.188  1.321  1.252  1.224  1.197  1.167
 13         0.408  0.636  0.866  1.246  1.273  1.410  1.338  1.294  1.279  1.232
 12         0.407  0.650  0.902  1.314  1.348  1.488  1.416  1.345  1.362  1.286
 11         0.408  0.664  0.938  1.380  1.482  1.561  1.577  1.409  1.531  1.358
 10         0.404  0.669  0.971  1.447  1.568  1.637  1.671  1.480  1.639  1.440
  9         0.389  0.665  0.995  1.496  1.632  1.690  1.739  1.539  1.725  1.522
  8         0.368  0.662  1.004  1.523  1.674  1.720  1.780  1.588  1.800  1.592
  7         0.335  0.637  0.999  1.544  1.704  1.739  1.799  1.630  1.886  1.659
  6         0.300  0.602  0.981  1.570  1.751  1.766  1.839  1.691  1.998  1.741
  5         0.270  0.565  0.959  1.590  1.808  1.812  1.904  1.768  2.123  1.835
  4         0.247  0.532  0.929  1.556  1.805  1.825  1.932  1.828  2.229  1.920
  3         0.227  0.493  0.867  1.430  1.628  1.685  1.759  1.747  2.120  1.877
  2         0.192  0.411  0.712  1.140  1.236  1.318  1.346  1.445  1.662  1.584
  1         0.060  0.121  0.196  0.277  0.285  0.327  0.316  0.400  0.396  0.448
 25         0.067  0.090  0.121  0.126  0.168  0.159  0.201  0.180  0.213  0.192
 24         0.117  0.152  0.200  0.191  0.266  0.234  0.315  0.263  0.331  0.281
 23         0.273  0.427  0.480  0.546  0.568  0.659  0.680  0.722  0.796  0.782
 22         0.326  0.514  0.565  0.645  0.659  0.772  0.778  0.841  0.918  0.909
 21         0.363  0.544  0.619  0.660  0.716  0.784  0.837  0.864  0.980  0.901
 20         0.388  0.600  0.670  0.719  0.768  0.849  0.887  0.928  1.045  0.957
 19         0.416  0.653  0.721  0.774  0.821  0.906  0.931  0.976  1.084  0.989
 18         0.445  0.702  0.770  0.823  0.878  0.954  0.971  1.007  1.099  0.987
 17         0.473  0.759  0.828  0.887  0.944  1.019  1.023  1.052  1.120  0.987
 16         0.529  0.856  0.955  1.043  1.089  1.192  1.159  1.203  1.227  1.094
 15         0.557  0.917  1.020  1.117  1.162  1.270  1.220  1.264  1.273  1.129
 14         0.585  0.974  1.077  1.175  1.220  1.326  1.269  1.307  1.311  1.161
 13         0.601  1.037  1.146  1.258  1.286  1.405  1.322  1.384  1.387  1.233
 12         0.618  1.097  1.196  1.332  1.331  1.455  1.348  1.439  1.456  1.308
 11         0.632  1.154  1.265  1.465  1.377  1.548  1.363  1.481  1.521  1.468
 10         0.636  1.206  1.334  1.551  1.428  1.596  1.386  1.542  1.594  1.570
  9         0.626  1.233  1.376  1.616  1.471  1.646  1.420  1.601  1.659  1.652
  8         0.602  1.219  1.388  1.658  1.501  1.697  1.475  1.668  1.741  1.730
  7         0.554  1.170  1.373  1.689  1.532  1.750  1.525  1.837  1.832  1.822
  6         0.499  1.099  1.358  1.739  1.572  1.825  1.576  1.955  1.939  1.938
  5         0.460  1.040  1.346  1.798  1.612  1.903  1.615  2.075  2.058  2.066
  4         0.425  0.983  1.306  1.797  1.606  1.930  1.606  2.171  2.174  2.171
  3         0.387  0.883  1.200  1.621  1.497  1.750  1.505  2.051  2.136  2.062
  2         0.321  0.655  0.955  1.232  1.225  1.334  1.247  1.598  1.746  1.615
  1         0.097  0.159  0.240  0.284  0.344  0.312  0.363  0.380  0.448  0.387
 25  0.054  0.079  0.114  0.123  0.160  0.158  0.206  0.192  0.222  0.204  0.244
 24  0.097  0.136  0.193  0.188  0.252  0.233  0.323  0.283  0.346  0.299  0.388
 23  0.230  0.393  0.449  0.540  0.634  0.655  0.738  0.798  0.858  0.846  0.937
 22  0.277  0.479  0.529  0.642  0.736  0.767  0.849  0.935  0.995  0.990  1.091
 21  0.310  0.522  0.582  0.660  0.776  0.779  0.918  0.935  1.057  0.986  1.185
 20  0.331  0.578  0.626  0.719  0.846  0.843  0.989  1.006  1.137  1.052  1.245
 19  0.349  0.629  0.669  0.774  0.908  0.900  1.046  1.063  1.188  1.089  1.267
 18  0.371  0.677  0.719  0.826  0.960  0.948  1.096  1.105  1.213  1.087  1.213
 17  0.390  0.726  0.771  0.892  1.028  1.013  1.162  1.163  1.245  1.084  0.914
 16  0.431  0.808  0.888  1.048  1.167  1.186  1.328  1.341  1.367  1.197  0.877
 15  0.452  0.864  0.946  1.127  1.244  1.263  1.408  1.415  1.417  1.228  0.882
 14  0.472  0.920  1.003  1.194  1.305  1.319  1.472  1.472  1.455  1.256  0.901
 13  0.483  0.984  1.051  1.286  1.392  1.398  1.541  1.546  1.521  1.320  0.938
 12  0.494  1.044  1.106  1.379  1.469  1.447  1.517  1.546  1.552  1.377  0.979
 11  0.503  1.101  1.168  1.548  1.540  1.540  1.200  1.311  1.556  1.510  1.026
 10  0.504  1.151  1.224  1.665  1.615  1.588  1.116  1.235  1.572  1.583  1.071
  9  0.495  1.176  1.248  1.748  1.671  1.639  1.137  1.265  1.607  1.646  1.108
  8  0.477  1.150  1.180  1.738  1.718  1.692  1.171  1.310  1.680  1.714  1.145
  7  0.436  1.068  0.856  1.370  1.734  1.748  1.216  1.372  1.769  1.804  1.188
  6  0.390  0.975  0.705  1.233  1.763  1.825  1.262  1.445  1.867  1.916  1.230
  5  0.351  0.916  0.651  1.198  1.816  1.906  1.285  1.500  1.970  2.040  1.262
  4  0.320  0.859  0.609  1.143  1.836  1.935  1.259  1.480  2.056  2.145  1.273
  3  0.290  0.763  0.556  1.011  1.698  1.758  1.158  1.333  1.991  2.044  1.210
  2  0.241  0.571  0.451  0.745  1.332  1.342  0.923  1.010  1.624  1.605  0.999
  1  0.076  0.136  0.129  0.164  0.333  0.314  0.236  0.226  0.413  0.380  0.265
 25  0.061  0.089  0.121  0.154  0.151  0.200  0.191  0.228  0.239  0.244  0.260
 24  0.106  0.151  0.200  0.248  0.224  0.313  0.282  0.358  0.374  0.381  0.412
 23  0.238  0.429  0.523  0.545  0.629  0.677  0.797  0.907  0.842  0.917  0.990
 22  0.287  0.522  0.633  0.633  0.735  0.776  0.933  1.059  0.975  1.060  1.156
 21  0.323  0.568  0.701  0.688  0.735  0.835  0.934  1.134  1.056  1.146  1.262
 20  0.347  0.632  0.771  0.737  0.794  0.885  1.004  1.224  1.117  1.209  1.330
 19  0.370  0.687  0.832  0.784  0.845  0.927  1.061  1.286  1.154  1.236  1.353
 18  0.397  0.735  0.887  0.832  0.889  0.965  1.104  1.325  1.171  1.230  1.297
 17  0.419  0.787  0.952  0.901  0.949  1.017  1.162  1.374  1.191  1.211  0.977
 16  0.469  0.878  1.073  1.040  1.112  1.153  1.338  1.511  1.299  1.289  0.928
 15  0.493  0.937  1.149  1.116  1.184  1.215  1.412  1.576  1.332  1.302  0.928
 14  0.518  0.998  1.223  1.182  1.238  1.262  1.469  1.632  1.360  1.318  0.945
 13  0.536  1.076  1.323  1.260  1.323  1.314  1.542  1.704  1.404  1.365  0.980
 12  0.550  1.151  1.425  1.341  1.399  1.340  1.543  1.690  1.421  1.402  1.018
 11  0.569  1.223  1.533  1.435  1.559  1.354  1.308  1.322  1.421  1.432  1.060
 10  0.579  1.293  1.657  1.529  1.655  1.377  1.233  1.218  1.428  1.475  1.095
  9  0.586  1.344  1.746  1.602  1.726  1.412  1.263  1.238  1.455  1.515  1.120
  8  0.577  1.350  1.734  1.620  1.773  1.471  1.309  1.285  1.497  1.565  1.141
  7  0.549  1.313  1.343  1.270  1.801  1.524  1.372  1.343  1.566  1.644  1.160
  6  0.511  1.268  1.196  1.143  1.853  1.580  1.446  1.406  1.633  1.729  1.171
  5  0.475  1.235  1.165  1.114  1.932  1.626  1.502  1.456  1.693  1.830  1.168
  4  0.444  1.202  1.125  1.075  1.977  1.627  1.484  1.450  1.731  1.937  1.162
  3  0.409  1.093  1.024  0.992  1.815  1.529  1.338  1.354  1.678  1.912  1.110
  2  0.342  0.811  0.765  0.794  1.393  1.269  1.015  1.082  1.427  1.601  0.928
  1  0.108  0.192  0.177  0.216  0.327  0.371  0.227  0.260  0.407  0.417  0.257
 25  0.066  0.097  0.129  0.138  0.184  0.179  0.222  0.240  0.218  0.255  0.232
 24  0.113  0.161  0.209  0.205  0.287  0.261  0.346  0.375  0.318  0.393  0.338
 23  0.259  0.422  0.527  0.582  0.664  0.718  0.853  0.840  0.900  0.983  0.941
 22  0.309  0.513  0.628  0.685  0.760  0.838  0.990  0.971  1.052  1.136  1.096
 21  0.346  0.577  0.698  0.688  0.814  0.861  1.059  1.051  1.048  1.194  1.090
 20  0.368  0.633  0.762  0.745  0.863  0.925  1.137  1.114  1.121  1.280  1.160
 19  0.389  0.682  0.816  0.793  0.902  0.973  1.185  1.162  1.166  1.325  1.194
 18  0.412  0.725  0.863  0.834  0.940  1.003  1.210  1.180  1.179  1.327  1.183
 17  0.434  0.775  0.920  0.889  0.986  1.047  1.242  1.197  1.197  1.328  1.169
 16  0.483  0.873  1.042  1.040  1.119  1.199  1.365  1.310  1.344  1.421  1.276
 15  0.508  0.931  1.110  1.109  1.177  1.259  1.416  1.342  1.379  1.445  1.295
 14  0.534  0.987  1.171  1.163  1.221  1.302  1.453  1.372  1.402  1.464  1.311
 13  0.553  1.063  1.262  1.252  1.288  1.377  1.517  1.417  1.465  1.530  1.372
 12  0.575  1.137  1.351  1.342  1.339  1.432  1.548  1.436  1.510  1.586  1.433
 11  0.597  1.211  1.437  1.519  1.402  1.474  1.553  1.437  1.631  1.637  1.582
 10  0.612  1.294  1.538  1.635  1.475  1.537  1.570  1.447  1.687  1.696  1.661
  9  0.620  1.363  1.631  1.722  1.536  1.597  1.609  1.477  1.735  1.739  1.713
  8  0.622  1.405  1.683  1.777  1.592  1.668  1.687  1.518  1.786  1.778  1.753
  7  0.623  1.437  1.702  1.812  1.664  1.842  1.779  1.565  1.856  1.833  1.796
  6  0.608  1.477  1.745  1.871  1.746  1.967  1.879  1.623  1.956  1.909  1.861
  5  0.584  1.517  1.823  1.965  1.844  2.096  1.982  1.683  2.072  2.004  1.948
  4  0.557  1.510  1.881  2.035  1.938  2.203  2.068  1.721  2.185  2.111  2.024
  3  0.519  1.392  1.762  1.888  1.882  2.094  2.004  1.667  2.107  2.092  1.913
  2  0.437  1.059  1.358  1.453  1.559  1.637  1.632  1.416  1.672  1.731  1.507
  1  0.135  0.254  0.334  0.342  0.423  0.389  0.416  0.406  0.398  0.440  0.361
 25  0.068  0.100  0.118  0.166  0.164  0.213  0.204  0.244  0.256  0.230  0.266
 24  0.115  0.165  0.178  0.261  0.240  0.330  0.300  0.382  0.396  0.332  0.411
 23  0.247  0.434  0.509  0.559  0.672  0.795  0.847  0.938  0.975  0.931  0.905
 22  0.292  0.518  0.604  0.641  0.782  0.917  0.992  1.090  1.129  1.084  1.050
 21  0.325  0.569  0.620  0.689  0.777  0.979  0.989  1.180  1.200  1.076  1.137
 20  0.348  0.622  0.674  0.726  0.832  1.044  1.056  1.248  1.285  1.148  1.201
 19  0.368  0.665  0.720  0.757  0.874  1.083  1.093  1.276  1.329  1.190  1.232
 18  0.393  0.704  0.758  0.783  0.901  1.097  1.091  1.262  1.329  1.197  1.238
 17  0.415  0.753  0.809  0.818  0.941  1.118  1.088  1.240  1.329  1.210  1.242
 16  0.470  0.844  0.944  0.947  1.086  1.224  1.201  1.317  1.424  1.351  1.344
 15  0.495  0.896  1.007  0.995  1.143  1.269  1.232  1.331  1.448  1.380  1.363
 14  0.519  0.946  1.059  1.036  1.187  1.306  1.259  1.348  1.468  1.399  1.382
 13  0.535  1.011  1.142  1.078  1.269  1.380  1.322  1.393  1.533  1.465  1.432
 12  0.550  1.077  1.227  1.143  1.352  1.448  1.378  1.417  1.585  1.527  1.484
 11  0.571  1.146  1.371  1.217  1.522  1.512  1.511  1.442  1.631  1.680  1.538
 10  0.586  1.223  1.481  1.300  1.633  1.586  1.584  1.478  1.682  1.760  1.594
  9  0.597  1.291  1.575  1.371  1.724  1.652  1.648  1.511  1.719  1.812  1.628
  8  0.607  1.365  1.656  1.433  1.807  1.737  1.716  1.562  1.751  1.840  1.627
  7  0.610  1.432  1.740  1.496  1.903  1.832  1.805  1.608  1.794  1.871  1.596
  6  0.603  1.503  1.850  1.581  2.030  1.944  1.916  1.666  1.856  1.930  1.583
  5  0.587  1.564  1.978  1.684  2.171  2.067  2.037  1.739  1.942  2.020  1.605
  4  0.566  1.568  2.074  1.772  2.298  2.187  2.139  1.811  2.068  2.117  1.631
  3  0.532  1.461  1.939  1.725  2.211  2.157  2.035  1.772  2.045  2.027  1.581
  2  0.455  1.152  1.494  1.455  1.741  1.773  1.598  1.498  1.690  1.604  1.343
  1  0.148  0.287  0.349  0.428  0.415  0.458  0.379  0.406  0.437  0.382  0.382
 25  0.068  0.103  0.134  0.145  0.193  0.191  0.244  0.260  0.232  0.266  0.262
 24  0.116  0.168  0.214  0.213  0.301  0.281  0.389  0.413  0.338  0.409  0.405
 23  0.258  0.391  0.529  0.595  0.693  0.781  0.939  0.992  0.940  0.885  0.979
 22  0.305  0.457  0.621  0.694  0.793  0.909  1.094  1.159  1.095  1.019  1.142
 21  0.339  0.502  0.680  0.691  0.848  0.901  1.190  1.266  1.091  1.105  1.243
 20  0.358  0.536  0.737  0.741  0.893  0.958  1.252  1.335  1.162  1.185  1.317
 19  0.376  0.566  0.784  0.783  0.922  0.989  1.274  1.358  1.198  1.223  1.352
 18  0.397  0.598  0.823  0.813  0.939  0.987  1.220  1.300  1.187  1.231  1.359
 17  0.417  0.634  0.874  0.858  0.964  0.986  0.919  0.979  1.174  1.240  1.368
 16  0.463  0.730  0.982  0.997  1.077  1.093  0.881  0.930  1.282  1.354  1.479
 15  0.485  0.770  1.043  1.056  1.121  1.127  0.886  0.930  1.302  1.379  1.500
 14  0.506  0.808  1.095  1.103  1.158  1.159  0.905  0.946  1.319  1.400  1.524
 13  0.521  0.838  1.179  1.186  1.223  1.230  0.942  0.978  1.378  1.449  1.574
 12  0.535  0.879  1.264  1.275  1.281  1.305  0.983  1.014  1.437  1.496  1.612
 11  0.552  0.927  1.352  1.450  1.356  1.465  1.030  1.052  1.584  1.546  1.666
 10  0.565  0.978  1.462  1.573  1.441  1.569  1.075  1.085  1.661  1.599  1.729
  9  0.575  1.025  1.565  1.675  1.526  1.653  1.113  1.109  1.711  1.634  1.768
  8  0.583  1.072  1.657  1.766  1.599  1.734  1.150  1.128  1.748  1.635  1.738
  7  0.588  1.121  1.759  1.872  1.674  1.831  1.192  1.145  1.787  1.608  1.345
  6  0.581  1.168  1.883  2.008  1.761  1.952  1.233  1.160  1.849  1.597  1.189
  5  0.567  1.203  2.025  2.161  1.862  2.084  1.259  1.175  1.932  1.619  1.151
  4  0.560  1.214  2.159  2.297  1.962  2.195  1.251  1.170  2.003  1.645  1.119
  3  0.536  1.171  2.094  2.206  1.934  2.092  1.184  1.116  1.888  1.588  1.063
  2  0.466  0.993  1.619  1.726  1.639  1.643  0.979  0.929  1.486  1.344  0.891
  1  0.150  0.285  0.410  0.415  0.464  0.394  0.263  0.253  0.357  0.382  0.238
 25  0.068  0.102  0.134  0.145  0.193  0.192  0.245  0.260  0.232  0.266  0.262
 24  0.115  0.168  0.214  0.213  0.301  0.281  0.389  0.413  0.338  0.410  0.406
 23  0.255  0.371  0.529  0.595  0.694  0.782  0.941  0.994  0.941  0.889  0.982
 22  0.301  0.435  0.621  0.694  0.795  0.909  1.096  1.162  1.097  1.023  1.145
 21  0.335  0.480  0.680  0.691  0.850  0.902  1.192  1.269  1.092  1.107  1.246
 20  0.355  0.519  0.737  0.742  0.895  0.958  1.253  1.337  1.164  1.187  1.320
 19  0.373  0.554  0.784  0.783  0.924  0.990  1.275  1.361  1.199  1.224  1.354
 18  0.395  0.586  0.823  0.814  0.941  0.988  1.221  1.303  1.188  1.232  1.361
 17  0.418  0.621  0.873  0.858  0.966  0.986  0.920  0.981  1.175  1.242  1.370
 16  0.467  0.719  0.981  0.998  1.078  1.093  0.882  0.931  1.283  1.360  1.480
 15  0.488  0.760  1.042  1.057  1.122  1.128  0.887  0.931  1.303  1.386  1.503
 14  0.510  0.800  1.094  1.103  1.159  1.159  0.906  0.947  1.319  1.407  1.526
 13  0.522  0.844  1.178  1.186  1.224  1.230  0.942  0.979  1.379  1.454  1.575
 12  0.536  0.867  1.262  1.275  1.282  1.305  0.983  1.014  1.438  1.494  1.613
 11  0.552  0.915  1.350  1.450  1.357  1.465  1.030  1.052  1.585  1.542  1.667
 10  0.564  0.970  1.461  1.573  1.441  1.568  1.074  1.085  1.661  1.595  1.730
  9  0.575  1.023  1.564  1.675  1.526  1.653  1.112  1.109  1.711  1.629  1.768
  8  0.595  1.078  1.657  1.767  1.599  1.734  1.149  1.128  1.748  1.630  1.736
  7  0.603  1.134  1.760  1.873  1.674  1.831  1.191  1.145  1.787  1.603  1.343
  6  0.598  1.185  1.884  2.009  1.760  1.952  1.232  1.159  1.848  1.591  1.186
  5  0.583  1.219  2.027  2.161  1.861  2.084  1.257  1.174  1.931  1.610  1.146
  4  0.564  1.224  2.160  2.298  1.960  2.196  1.248  1.168  2.001  1.626  1.112
  3  0.536  1.172  2.095  2.206  1.931  2.093  1.181  1.114  1.885  1.562  1.056
  2  0.465  0.990  1.621  1.727  1.637  1.643  0.977  0.928  1.483  1.323  0.885
  1  0.152  0.287  0.410  0.415  0.464  0.394  0.263  0.252  0.356  0.381  0.237
 25  0.068  0.100  0.118  0.166  0.164  0.213  0.204  0.245  0.257  0.230  0.267
 24  0.115  0.165  0.178  0.261  0.240  0.331  0.300  0.383  0.397  0.333  0.412
 23  0.261  0.433  0.509  0.560  0.673  0.797  0.849  0.941  0.978  0.935  0.909
 22  0.311  0.517  0.603  0.641  0.784  0.919  0.994  1.093  1.133  1.087  1.054
 21  0.347  0.568  0.620  0.690  0.778  0.981  0.991  1.183  1.204  1.080  1.142
 20  0.368  0.620  0.674  0.727  0.833  1.046  1.058  1.252  1.289  1.152  1.206
 19  0.386  0.664  0.720  0.757  0.875  1.086  1.095  1.279  1.332  1.193  1.237
 18  0.407  0.704  0.758  0.783  0.902  1.099  1.093  1.265  1.332  1.200  1.242
 17  0.427  0.752  0.809  0.818  0.942  1.119  1.090  1.243  1.332  1.213  1.245
 16  0.475  0.843  0.944  0.947  1.087  1.225  1.203  1.320  1.427  1.354  1.348
 15  0.498  0.895  1.006  0.995  1.144  1.270  1.233  1.333  1.450  1.383  1.365
 14  0.521  0.945  1.058  1.035  1.187  1.307  1.259  1.350  1.470  1.401  1.384
 13  0.536  1.010  1.141  1.077  1.269  1.380  1.323  1.394  1.534  1.466  1.432
 12  0.552  1.074  1.226  1.142  1.352  1.447  1.378  1.418  1.586  1.528  1.484
 11  0.571  1.143  1.370  1.216  1.521  1.512  1.511  1.443  1.631  1.680  1.538
 10  0.587  1.221  1.481  1.299  1.633  1.585  1.584  1.478  1.681  1.760  1.593
  9  0.602  1.292  1.575  1.370  1.724  1.652  1.647  1.511  1.718  1.811  1.627
  8  0.620  1.369  1.658  1.433  1.807  1.737  1.716  1.560  1.750  1.840  1.626
  7  0.624  1.439  1.744  1.497  1.903  1.831  1.804  1.606  1.793  1.870  1.595
  6  0.615  1.511  1.855  1.583  2.031  1.944  1.915  1.664  1.855  1.928  1.581
  5  0.596  1.574  1.984  1.686  2.172  2.069  2.037  1.737  1.941  2.017  1.602
  4  0.571  1.578  2.080  1.773  2.300  2.192  2.139  1.808  2.066  2.111  1.626
  3  0.536  1.470  1.946  1.726  2.214  2.164  2.035  1.769  2.042  2.019  1.574
  2  0.458  1.159  1.499  1.457  1.743  1.777  1.598  1.495  1.687  1.597  1.337
  1  0.148  0.289  0.350  0.429  0.415  0.459  0.379  0.405  0.436  0.381  0.380
 25  0.065  0.096  0.129  0.138  0.184  0.179  0.223  0.241  0.219  0.256  0.233
 24  0.113  0.161  0.209  0.205  0.288  0.262  0.347  0.377  0.320  0.395  0.340
 23  0.241  0.422  0.528  0.583  0.667  0.721  0.857  0.844  0.904  0.988  0.946
 22  0.288  0.513  0.629  0.687  0.763  0.841  0.994  0.977  1.057  1.143  1.102
 21  0.323  0.576  0.699  0.689  0.818  0.864  1.063  1.057  1.053  1.200  1.096
 20  0.345  0.632  0.764  0.746  0.867  0.928  1.141  1.120  1.127  1.286  1.166
 19  0.371  0.681  0.817  0.795  0.906  0.976  1.190  1.168  1.171  1.331  1.200
 18  0.399  0.725  0.864  0.835  0.944  1.006  1.214  1.186  1.183  1.333  1.188
 17  0.424  0.774  0.921  0.890  0.990  1.050  1.246  1.202  1.201  1.333  1.173
 16  0.480  0.873  1.043  1.041  1.122  1.201  1.368  1.313  1.347  1.425  1.280
 15  0.507  0.930  1.110  1.109  1.179  1.261  1.418  1.345  1.382  1.448  1.298
 14  0.534  0.986  1.170  1.163  1.222  1.302  1.454  1.374  1.404  1.466  1.313
 13  0.553  1.061  1.261  1.252  1.289  1.378  1.517  1.418  1.466  1.531  1.373
 12  0.569  1.134  1.349  1.341  1.339  1.432  1.547  1.436  1.510  1.587  1.434
 11  0.591  1.209  1.436  1.519  1.402  1.474  1.552  1.437  1.631  1.637  1.582
 10  0.607  1.293  1.538  1.635  1.475  1.536  1.569  1.446  1.686  1.694  1.660
  9  0.617  1.364  1.632  1.723  1.537  1.597  1.608  1.475  1.734  1.737  1.713
  8  0.622  1.409  1.685  1.779  1.593  1.668  1.685  1.517  1.785  1.777  1.752
  7  0.615  1.443  1.707  1.815  1.666  1.843  1.778  1.563  1.855  1.831  1.794
  6  0.599  1.484  1.750  1.874  1.747  1.968  1.879  1.622  1.954  1.907  1.859
  5  0.577  1.527  1.829  1.969  1.846  2.097  1.983  1.681  2.069  2.000  1.945
  4  0.551  1.520  1.889  2.040  1.939  2.206  2.070  1.718  2.181  2.105  2.019
  3  0.512  1.403  1.772  1.895  1.884  2.097  2.007  1.662  2.101  2.083  1.906
  2  0.430  1.069  1.367  1.459  1.561  1.640  1.634  1.412  1.666  1.723  1.501
  1  0.136  0.256  0.337  0.343  0.425  0.390  0.416  0.405  0.396  0.438  0.360
 25  0.060  0.089  0.121  0.154  0.152  0.201  0.192  0.229  0.241  0.246  0.262
 24  0.105  0.150  0.200  0.248  0.224  0.314  0.284  0.360  0.376  0.383  0.415
 23  0.245  0.428  0.523  0.548  0.631  0.681  0.800  0.913  0.849  0.925  0.997
 22  0.293  0.521  0.635  0.636  0.738  0.780  0.938  1.066  0.982  1.069  1.165
 21  0.329  0.567  0.702  0.693  0.738  0.840  0.938  1.140  1.063  1.155  1.271
 20  0.352  0.630  0.773  0.742  0.797  0.890  1.009  1.230  1.125  1.218  1.338
 19  0.373  0.686  0.834  0.788  0.849  0.933  1.065  1.293  1.161  1.245  1.361
 18  0.397  0.734  0.888  0.836  0.892  0.970  1.108  1.331  1.178  1.238  1.304
 17  0.418  0.786  0.953  0.904  0.951  1.021  1.165  1.379  1.197  1.217  0.982
 16  0.464  0.876  1.074  1.042  1.113  1.156  1.342  1.515  1.304  1.295  0.931
 15  0.488  0.936  1.149  1.117  1.185  1.217  1.414  1.579  1.336  1.307  0.931
 14  0.512  0.996  1.222  1.181  1.239  1.264  1.471  1.634  1.363  1.322  0.947
 13  0.528  1.074  1.323  1.259  1.322  1.315  1.542  1.705  1.405  1.367  0.981
 12  0.547  1.148  1.425  1.340  1.399  1.340  1.542  1.689  1.422  1.403  1.019
 11  0.567  1.220  1.534  1.436  1.559  1.353  1.307  1.321  1.421  1.433  1.060
 10  0.584  1.292  1.660  1.530  1.654  1.376  1.231  1.217  1.428  1.474  1.094
  9  0.589  1.345  1.752  1.605  1.726  1.412  1.262  1.236  1.453  1.514  1.119
  8  0.581  1.353  1.742  1.624  1.773  1.470  1.308  1.283  1.495  1.563  1.140
  7  0.564  1.319  1.348  1.271  1.803  1.524  1.371  1.342  1.564  1.641  1.158
  6  0.533  1.278  1.197  1.140  1.855  1.581  1.446  1.405  1.631  1.725  1.169
  5  0.500  1.251  1.166  1.110  1.935  1.628  1.503  1.454  1.690  1.824  1.164
  4  0.469  1.220  1.128  1.073  1.983  1.629  1.485  1.447  1.727  1.926  1.158
  3  0.432  1.111  1.028  0.992  1.822  1.532  1.339  1.351  1.671  1.898  1.105
  2  0.361  0.828  0.770  0.794  1.399  1.272  1.016  1.081  1.421  1.588  0.924
  1  0.110  0.196  0.178  0.216  0.328  0.372  0.227  0.260  0.405  0.415  0.256
 25  0.053  0.079  0.114  0.123  0.160  0.158  0.207  0.193  0.224  0.206  0.246
 24  0.096  0.136  0.192  0.188  0.253  0.234  0.325  0.285  0.348  0.302  0.392
 23  0.216  0.391  0.450  0.542  0.637  0.658  0.742  0.803  0.865  0.853  0.946
 22  0.261  0.477  0.530  0.645  0.739  0.771  0.854  0.941  1.003  0.997  1.102
 21  0.293  0.520  0.584  0.663  0.780  0.783  0.924  0.941  1.064  0.993  1.196
 20  0.313  0.577  0.628  0.723  0.850  0.848  0.994  1.011  1.144  1.060  1.257
 19  0.333  0.628  0.670  0.779  0.912  0.904  1.052  1.068  1.195  1.096  1.278
 18  0.356  0.675  0.719  0.829  0.964  0.952  1.101  1.110  1.219  1.093  1.223
 17  0.377  0.724  0.769  0.895  1.031  1.016  1.165  1.167  1.250  1.089  0.921
 16  0.427  0.804  0.891  1.050  1.169  1.188  1.331  1.344  1.371  1.202  0.882
 15  0.450  0.860  0.948  1.127  1.245  1.264  1.409  1.417  1.420  1.232  0.886
 14  0.471  0.916  1.005  1.194  1.304  1.319  1.472  1.474  1.457  1.258  0.904
 13  0.484  0.980  1.043  1.285  1.390  1.397  1.540  1.546  1.522  1.321  0.940
 12  0.491  1.041  1.101  1.378  1.467  1.446  1.515  1.545  1.551  1.377  0.980
 11  0.502  1.098  1.166  1.547  1.538  1.539  1.199  1.309  1.555  1.509  1.026
 10  0.505  1.151  1.228  1.666  1.613  1.586  1.114  1.233  1.570  1.582  1.070
  9  0.499  1.180  1.262  1.750  1.670  1.638  1.136  1.263  1.605  1.644  1.107
  8  0.479  1.159  1.204  1.742  1.718  1.691  1.170  1.308  1.677  1.712  1.144
  7  0.445  1.083  0.880  1.371  1.735  1.748  1.216  1.371  1.767  1.801  1.185
  6  0.407  0.994  0.732  1.232  1.766  1.826  1.263  1.444  1.865  1.913  1.226
  5  0.374  0.940  0.681  1.196  1.821  1.908  1.288  1.500  1.969  2.036  1.257
  4  0.347  0.886  0.642  1.143  1.845  1.941  1.264  1.480  2.056  2.141  1.266
  3  0.319  0.790  0.587  1.013  1.709  1.765  1.163  1.334  1.993  2.039  1.203
  2  0.265  0.593  0.476  0.748  1.341  1.348  0.927  1.011  1.626  1.601  0.993
  1  0.080  0.141  0.132  0.165  0.336  0.315  0.236  0.226  0.413  0.379  0.263
 25         0.066  0.090  0.122  0.127  0.168  0.160  0.203  0.181  0.215  0.194
 24         0.116  0.151  0.200  0.192  0.267  0.236  0.317  0.265  0.334  0.284
 23         0.259  0.425  0.481  0.547  0.572  0.663  0.686  0.728  0.805  0.791
 22         0.309  0.513  0.567  0.647  0.663  0.777  0.785  0.848  0.927  0.919
 21         0.344  0.566  0.624  0.663  0.721  0.789  0.844  0.871  0.989  0.910
 20         0.369  0.623  0.676  0.722  0.774  0.854  0.895  0.935  1.054  0.967
 19         0.396  0.672  0.726  0.777  0.826  0.911  0.938  0.983  1.093  0.998
 18         0.428  0.717  0.774  0.826  0.882  0.958  0.977  1.013  1.107  0.995
 17         0.454  0.768  0.830  0.889  0.947  1.023  1.028  1.056  1.126  0.992
 16         0.516  0.859  0.955  1.044  1.091  1.195  1.163  1.207  1.232  1.099
 15         0.543  0.917  1.019  1.117  1.162  1.271  1.223  1.267  1.276  1.133
 14         0.570  0.972  1.074  1.174  1.218  1.326  1.270  1.309  1.312  1.163
 13         0.587  1.034  1.141  1.256  1.284  1.405  1.322  1.384  1.388  1.234
 12         0.596  1.094  1.192  1.330  1.329  1.454  1.347  1.439  1.455  1.308
 11         0.614  1.151  1.261  1.462  1.374  1.547  1.361  1.480  1.519  1.467
 10         0.623  1.202  1.330  1.549  1.425  1.594  1.383  1.541  1.592  1.568
  9         0.629  1.231  1.374  1.614  1.468  1.644  1.417  1.599  1.656  1.649
  8         0.610  1.221  1.387  1.657  1.499  1.695  1.471  1.666  1.738  1.726
  7         0.566  1.174  1.374  1.689  1.531  1.749  1.521  1.835  1.828  1.818
  6         0.514  1.106  1.362  1.741  1.573  1.825  1.573  1.953  1.935  1.933
  5         0.473  1.048  1.355  1.804  1.615  1.904  1.613  2.074  2.054  2.060
  4         0.441  0.992  1.318  1.808  1.613  1.933  1.605  2.172  2.171  2.165
  3         0.405  0.897  1.214  1.634  1.507  1.755  1.506  2.054  2.134  2.055
  2         0.337  0.683  0.970  1.243  1.234  1.339  1.249  1.601  1.745  1.610
  1         0.102  0.163  0.244  0.287  0.346  0.313  0.364  0.381  0.448  0.385
 25         0.048  0.072  0.099  0.122  0.128  0.163  0.154  0.189  0.167  0.197
 24         0.085  0.126  0.166  0.199  0.194  0.258  0.228  0.295  0.245  0.308
 23         0.203  0.300  0.394  0.533  0.556  0.650  0.643  0.658  0.685  0.708
 22         0.244  0.358  0.464  0.633  0.658  0.755  0.753  0.756  0.797  0.810
 21         0.273  0.399  0.512  0.676  0.675  0.797  0.752  0.813  0.791  0.865
 20         0.290  0.424  0.548  0.745  0.735  0.868  0.813  0.862  0.846  0.909
 19         0.305  0.448  0.583  0.805  0.791  0.931  0.865  0.903  0.887  0.937
 18         0.326  0.476  0.617  0.858  0.839  0.983  0.908  0.937  0.914  0.953
 17         0.342  0.506  0.655  0.919  0.902  1.049  0.966  0.983  0.954  0.977
 16         0.376  0.561  0.756  1.037  1.058  1.187  1.129  1.119  1.099  1.089
 15         0.392  0.589  0.799  1.106  1.131  1.262  1.199  1.177  1.155  1.132
 14         0.406  0.614  0.839  1.165  1.189  1.322  1.253  1.223  1.198  1.168
 13         0.409  0.635  0.863  1.245  1.273  1.410  1.338  1.292  1.279  1.232
 12         0.411  0.649  0.900  1.312  1.348  1.487  1.415  1.343  1.361  1.285
 11         0.411  0.664  0.939  1.379  1.480  1.560  1.576  1.408  1.529  1.357
 10         0.404  0.669  0.973  1.444  1.566  1.634  1.669  1.478  1.636  1.438
  9         0.388  0.666  0.998  1.494  1.630  1.686  1.737  1.536  1.721  1.519
  8         0.362  0.664  1.011  1.521  1.672  1.715  1.777  1.585  1.795  1.587
  7         0.328  0.641  1.009  1.544  1.702  1.736  1.797  1.628  1.880  1.654
  6         0.291  0.607  0.997  1.573  1.752  1.764  1.837  1.690  1.993  1.735
  5         0.261  0.572  0.980  1.597  1.810  1.810  1.903  1.770  2.120  1.830
  4         0.239  0.539  0.953  1.567  1.811  1.824  1.934  1.835  2.230  1.917
  3         0.220  0.501  0.891  1.443  1.635  1.686  1.764  1.759  2.125  1.875
  2         0.188  0.419  0.731  1.151  1.243  1.322  1.351  1.457  1.668  1.583
  1         0.060  0.123  0.199  0.279  0.286  0.329  0.317  0.402  0.397  0.447
 25                       0.079  0.097  0.124  0.127  0.159  0.142  0.171  0.150
 24                       0.140  0.163  0.205  0.195  0.257  0.212  0.271  0.221
 23                       0.330  0.451  0.520  0.562  0.580  0.602  0.578  0.619
 22                       0.395  0.543  0.613  0.670  0.677  0.708  0.656  0.720
 21                       0.441  0.597  0.673  0.690  0.741  0.710  0.699  0.714
 20                       0.470  0.656  0.727  0.752  0.794  0.768  0.735  0.765
 19                       0.499  0.706  0.774  0.808  0.840  0.816  0.767  0.806
 18                       0.530  0.751  0.817  0.857  0.885  0.856  0.799  0.836
 17                       0.560  0.801  0.868  0.921  0.942  0.910  0.840  0.879
 16                       0.621  0.895  0.988  1.077  1.067  1.062  0.971  1.018
 15                       0.649  0.950  1.048  1.154  1.134  1.129  1.019  1.076
 14                       0.675  1.002  1.101  1.221  1.196  1.183  1.059  1.123
 13                       0.688  1.066  1.168  1.315  1.274  1.272  1.099  1.205
 12                       0.700  1.123  1.217  1.411  1.360  1.361  1.159  1.292
 11                       0.710  1.176  1.282  1.582  1.455  1.538  1.226  1.466
 10                       0.708  1.222  1.346  1.699  1.542  1.650  1.300  1.582
  9                       0.698  1.255  1.385  1.781  1.607  1.731  1.358  1.674
  8                       0.689  1.276  1.403  1.768  1.612  1.775  1.401  1.753
  7                       0.666  1.293  1.384  1.386  1.240  1.792  1.447  1.841
  6                       0.636  1.295  1.359  1.233  1.085  1.832  1.513  1.952
  5                       0.610  1.270  1.338  1.184  1.032  1.904  1.593  2.078
  4                       0.576  1.217  1.293  1.122  0.980  1.946  1.651  2.183
  3                       0.533  1.112  1.191  0.991  0.901  1.786  1.598  2.072
  2                       0.447  0.859  0.956  0.731  0.729  1.374  1.358  1.627
  1                       0.134  0.205  0.243  0.161  0.203  0.324  0.403  0.390
 25                              0.075  0.094  0.118  0.126  0.135  0.124  0.141
 24                              0.131  0.160  0.199  0.209  0.219  0.187  0.226
 23                              0.284  0.442  0.499  0.561  0.554  0.536  0.575
 22                              0.338  0.535  0.596  0.673  0.659  0.634  0.673
 21                              0.375  0.580  0.664  0.739  0.730  0.648  0.721
 20                              0.402  0.640  0.718  0.812  0.795  0.702  0.780
 19                              0.427  0.692  0.765  0.872  0.848  0.748  0.827
 18                              0.458  0.739  0.810  0.924  0.893  0.785  0.864
 17                              0.484  0.790  0.862  0.985  0.947  0.835  0.911
 16                              0.551  0.879  0.974  1.105  1.068  0.969  1.018
 15                              0.582  0.939  1.038  1.177  1.134  1.031  1.076
 14                              0.611  0.998  1.103  1.249  1.194  1.083  1.131
 13                              0.630  1.070  1.176  1.344  1.285  1.167  1.216
 12                              0.644  1.137  1.239  1.442  1.372  1.252  1.301
 11                              0.662  1.199  1.313  1.544  1.457  1.397  1.387
 10                              0.670  1.253  1.383  1.648  1.552  1.502  1.481
  9                              0.667  1.279  1.428  1.728  1.638  1.587  1.556
  8                              0.652  1.259  1.383  1.711  1.676  1.653  1.623
  7                              0.620  1.185  1.020  1.321  1.677  1.713  1.688
  6                              0.578  1.089  0.836  1.151  1.696  1.797  1.767
  5                              0.534  1.011  0.760  1.091  1.745  1.893  1.855
  4                              0.496  0.953  0.699  1.031  1.766  1.950  1.921
  3                              0.454  0.859  0.630  0.935  1.645  1.804  1.841
  2                              0.382  0.670  0.502  0.719  1.280  1.396  1.500
  1                              0.121  0.162  0.130  0.168  0.316  0.327  0.378
 25                              0.050  0.070  0.084  0.095  0.102  0.105  0.109
 24                              0.089  0.123  0.145  0.162  0.170  0.173  0.181
 23                              0.208  0.283  0.407  0.433  0.448  0.474  0.432
 22                              0.250  0.339  0.496  0.525  0.540  0.565  0.506
 21                              0.279  0.378  0.542  0.590  0.601  0.590  0.551
 20                              0.295  0.402  0.599  0.648  0.659  0.646  0.585
 19                              0.310  0.425  0.648  0.698  0.707  0.696  0.613
 18                              0.328  0.451  0.692  0.743  0.748  0.738  0.640
 17                              0.344  0.476  0.739  0.791  0.795  0.784  0.670
 16                              0.382  0.533  0.818  0.880  0.886  0.867  0.750
 15                              0.399  0.563  0.872  0.937  0.941  0.921  0.787
 14                              0.416  0.591  0.929  0.996  0.996  0.974  0.825
 13                              0.422  0.610  0.995  1.074  1.073  1.049  0.867
 12                              0.427  0.629  1.059  1.150  1.148  1.124  0.911
 11                              0.428  0.646  1.117  1.223  1.222  1.199  0.959
 10                              0.419  0.649  1.166  1.297  1.305  1.281  1.002
  9                              0.398  0.637  1.187  1.347  1.364  1.335  1.037
  8                              0.374  0.613  1.153  1.350  1.398  1.374  1.066
  7                              0.336  0.556  1.053  1.301  1.413  1.407  1.087
  6                              0.295  0.488  0.941  1.236  1.428  1.442  1.095
  5                              0.260  0.434  0.866  1.177  1.435  1.464  1.086
  4                              0.235  0.393  0.796  1.116  1.400  1.442  1.068
  3                              0.215  0.360  0.708  1.014  1.289  1.350  1.025
  2                              0.183  0.304  0.554  0.779  1.008  1.092  0.879
  1                              0.059  0.095  0.134  0.186  0.242  0.268  0.260
 25                                            0.056  0.064  0.070  0.072  0.073
 24                                            0.102  0.111  0.120  0.123  0.124
 23                                            0.236  0.254  0.279  0.275  0.274
 22                                            0.284  0.304  0.333  0.324  0.323
 21                                            0.317  0.341  0.372  0.360  0.359
 20                                            0.340  0.363  0.395  0.385  0.379
 19                                            0.358  0.383  0.415  0.410  0.397
 18                                            0.379  0.405  0.436  0.433  0.417
 17                                            0.397  0.425  0.455  0.453  0.435
 16                                            0.443  0.471  0.502  0.514  0.484
 15                                            0.463  0.493  0.525  0.538  0.505
 14                                            0.483  0.517  0.550  0.564  0.527
 13                                            0.495  0.536  0.568  0.584  0.538
 12                                            0.504  0.554  0.591  0.592  0.553
 11                                            0.514  0.572  0.612  0.614  0.570
 10                                            0.519  0.582  0.625  0.632  0.583
  9                                            0.508  0.581  0.628  0.645  0.597
  8                                            0.479  0.563  0.622  0.653  0.600
  7                                            0.432  0.530  0.602  0.655  0.597
  6                                            0.381  0.486  0.574  0.650  0.583
  5                                            0.338  0.447  0.545  0.639  0.563
  4                                            0.307  0.423  0.528  0.623  0.546
  3                                            0.280  0.392  0.498  0.591  0.521
  2                                            0.236  0.331  0.423  0.502  0.453
  1                                            0.074  0.104  0.131  0.146  0.142
 25  0.071  0.070  0.068  0.062  0.055
 24  0.122  0.121  0.117  0.108  0.100
 23  0.269  0.289  0.250  0.247  0.232
 22  0.317  0.340  0.298  0.296  0.281
 21  0.353  0.375  0.333  0.331  0.315
 20  0.373  0.396  0.354  0.353  0.336
 19  0.391  0.415  0.378  0.373  0.355
 18  0.412  0.436  0.402  0.396  0.376
 17  0.430  0.453  0.425  0.417  0.395
 16  0.481  0.511  0.481  0.466  0.436
 15  0.502  0.534  0.508  0.492  0.456
 14  0.525  0.559  0.537  0.518  0.478
 13  0.537  0.578  0.557  0.537  0.493
 12  0.553  0.584  0.577  0.557  0.506
 11  0.571  0.605  0.599  0.576  0.518
 10  0.583  0.622  0.615  0.584  0.517
  9  0.598  0.635  0.622  0.582  0.502
  8  0.603  0.641  0.620  0.574  0.468
  7  0.600  0.643  0.605  0.540  0.420
  6  0.587  0.636  0.580  0.495  0.367
  5  0.567  0.622  0.550  0.454  0.324
  4  0.549  0.604  0.521  0.419  0.298
  3  0.525  0.572  0.484  0.385  0.273
  2  0.457  0.487  0.410  0.325  0.231
  1  0.143  0.144  0.130  0.103  0.073
 25  0.107  0.103  0.099  0.093  0.082  0.068  0.049
 24  0.178  0.169  0.166  0.158  0.142  0.120  0.087
 23  0.423  0.464  0.437  0.422  0.399  0.280  0.200
 22  0.495  0.553  0.526  0.513  0.487  0.335  0.240
 21  0.541  0.578  0.587  0.577  0.533  0.375  0.270
 20  0.574  0.634  0.644  0.634  0.589  0.400  0.288
 19  0.603  0.684  0.692  0.685  0.638  0.423  0.304
 18  0.631  0.727  0.735  0.730  0.683  0.450  0.323
 17  0.663  0.774  0.782  0.780  0.731  0.474  0.340
 16  0.744  0.858  0.875  0.870  0.810  0.529  0.379
 15  0.782  0.914  0.931  0.928  0.865  0.557  0.396
 14  0.821  0.969  0.989  0.989  0.924  0.586  0.412
 13  0.864  1.045  1.067  1.069  0.991  0.606  0.419
 12  0.909  1.121  1.143  1.146  1.056  0.628  0.418
 11  0.958  1.196  1.219  1.221  1.116  0.647  0.421
 10  1.002  1.280  1.303  1.296  1.165  0.653  0.419
  9  1.039  1.336  1.364  1.348  1.188  0.645  0.411
  8  1.070  1.377  1.400  1.352  1.155  0.616  0.390
  7  1.092  1.412  1.417  1.305  1.057  0.569  0.354
  6  1.103  1.447  1.432  1.240  0.945  0.506  0.314
  5  1.094  1.468  1.438  1.179  0.870  0.452  0.279
  4  1.077  1.444  1.399  1.115  0.800  0.411  0.253
  3  1.033  1.349  1.285  1.011  0.711  0.375  0.231
  2  0.886  1.090  1.003  0.776  0.556  0.316  0.196
  1  0.262  0.268  0.241  0.185  0.134  0.097  0.061
 25  0.138  0.121  0.132  0.124  0.116  0.093  0.074
 24  0.221  0.183  0.214  0.205  0.195  0.157  0.129
 23  0.561  0.523  0.540  0.549  0.490  0.435  0.278
 22  0.657  0.619  0.643  0.660  0.586  0.527  0.332
 21  0.706  0.633  0.714  0.726  0.653  0.573  0.369
 20  0.765  0.687  0.779  0.798  0.707  0.632  0.394
 19  0.813  0.734  0.833  0.858  0.754  0.684  0.423
 18  0.851  0.773  0.879  0.911  0.800  0.732  0.453
 17  0.901  0.824  0.935  0.974  0.852  0.784  0.481
 16  1.009  0.959  1.057  1.095  0.965  0.873  0.548
 15  1.070  1.022  1.125  1.169  1.030  0.933  0.581
 14  1.127  1.076  1.187  1.242  1.097  0.994  0.611
 13  1.214  1.162  1.279  1.339  1.171  1.066  0.631
 12  1.300  1.248  1.368  1.439  1.235  1.134  0.646
 11  1.387  1.393  1.454  1.542  1.310  1.197  0.664
 10  1.482  1.500  1.550  1.647  1.382  1.252  0.672
  9  1.560  1.587  1.638  1.729  1.428  1.281  0.670
  8  1.628  1.656  1.679  1.714  1.386  1.264  0.657
  7  1.696  1.718  1.682  1.324  1.024  1.192  0.628
  6  1.776  1.804  1.701  1.155  0.841  1.099  0.588
  5  1.866  1.899  1.750  1.094  0.766  1.023  0.548
  4  1.933  1.955  1.769  1.033  0.704  0.965  0.511
  3  1.854  1.807  1.645  0.936  0.635  0.871  0.471
  2  1.511  1.397  1.279  0.720  0.506  0.680  0.395
  1  0.381  0.328  0.316  0.168  0.131  0.165  0.124
 25  0.147  0.168  0.139  0.156  0.125  0.122  0.096  0.079
 24  0.217  0.264  0.207  0.252  0.192  0.202  0.161  0.139
 23  0.605  0.538  0.589  0.570  0.554  0.513  0.446  0.328
 22  0.704  0.611  0.693  0.664  0.660  0.605  0.537  0.392
 21  0.700  0.656  0.696  0.728  0.680  0.664  0.591  0.438
 20  0.751  0.699  0.754  0.781  0.742  0.717  0.650  0.467
 19  0.793  0.739  0.803  0.828  0.798  0.765  0.700  0.498
 18  0.824  0.771  0.845  0.874  0.849  0.808  0.746  0.529
 17  0.870  0.811  0.900  0.932  0.913  0.860  0.796  0.559
 16  1.010  0.946  1.051  1.058  1.069  0.981  0.891  0.622
 15  1.070  0.996  1.120  1.126  1.147  1.041  0.947  0.650
 14  1.118  1.040  1.176  1.190  1.216  1.096  1.001  0.676
 13  1.203  1.100  1.266  1.269  1.311  1.164  1.065  0.690
 12  1.290  1.137  1.357  1.356  1.408  1.214  1.123  0.702
 11  1.465  1.207  1.535  1.453  1.580  1.280  1.176  0.711
 10  1.582  1.287  1.648  1.540  1.699  1.345  1.223  0.709
  9  1.676  1.352  1.731  1.607  1.782  1.385  1.257  0.699
  8  1.757  1.406  1.777  1.614  1.770  1.404  1.277  0.689
  7  1.848  1.461  1.797  1.242  1.388  1.387  1.296  0.666
  6  1.962  1.530  1.838  1.088  1.237  1.365  1.299  0.636
  5  2.090  1.609  1.910  1.036  1.190  1.347  1.277  0.611
  4  2.196  1.658  1.950  0.983  1.128  1.305  1.225  0.578
  3  2.086  1.597  1.789  0.905  0.996  1.203  1.120  0.536
  2  1.638  1.352  1.375  0.732  0.735  0.966  0.867  0.449
  1  0.393  0.406  0.324  0.203  0.162  0.246  0.207  0.135
 25  0.194  0.164  0.186  0.152  0.161  0.127  0.121  0.098  0.072  0.048
 24  0.303  0.240  0.290  0.225  0.255  0.192  0.197  0.165  0.126  0.086
 23  0.696  0.673  0.646  0.634  0.641  0.550  0.529  0.392  0.299  0.197
 22  0.796  0.783  0.742  0.742  0.746  0.651  0.627  0.462  0.357  0.237
 21  0.851  0.777  0.799  0.742  0.787  0.668  0.670  0.510  0.398  0.267
 20  0.895  0.832  0.849  0.802  0.858  0.728  0.739  0.546  0.423  0.285
 19  0.925  0.875  0.890  0.855  0.921  0.784  0.800  0.581  0.448  0.301
 18  0.942  0.903  0.925  0.898  0.974  0.833  0.853  0.616  0.476  0.319
 17  0.968  0.944  0.972  0.957  1.041  0.896  0.915  0.655  0.507  0.337
 16  1.082  1.089  1.109  1.120  1.179  1.053  1.034  0.757  0.564  0.377
 15  1.126  1.147  1.169  1.193  1.257  1.127  1.104  0.801  0.593  0.393
 14  1.165  1.192  1.217  1.248  1.317  1.186  1.164  0.842  0.618  0.408
 13  1.230  1.275  1.288  1.334  1.406  1.271  1.245  0.866  0.639  0.412
 12  1.284  1.357  1.339  1.412  1.485  1.347  1.313  0.904  0.653  0.409
 11  1.357  1.526  1.405  1.574  1.559  1.480  1.380  0.942  0.667  0.410
 10  1.439  1.635  1.477  1.668  1.634  1.566  1.446  0.976  0.672  0.407
  9  1.522  1.722  1.537  1.737  1.687  1.631  1.495  1.001  0.669  0.399
  8  1.592  1.798  1.587  1.779  1.717  1.673  1.523  1.013  0.666  0.379
  7  1.662  1.886  1.632  1.799  1.738  1.704  1.546  1.011  0.642  0.347
  6  1.743  2.001  1.695  1.841  1.767  1.754  1.575  0.999  0.609  0.310
  5  1.839  2.129  1.775  1.909  1.814  1.815  1.601  0.982  0.573  0.280
  4  1.927  2.239  1.841  1.941  1.831  1.818  1.573  0.956  0.541  0.257
  3  1.885  2.134  1.765  1.771  1.693  1.643  1.450  0.894  0.503  0.237
  2  1.592  1.675  1.462  1.357  1.329  1.250  1.157  0.734  0.421  0.200
  1  0.450  0.399  0.404  0.319  0.330  0.288  0.281  0.200  0.124  0.062
 25  0.192  0.213  0.179  0.200  0.158  0.167  0.126  0.121  0.090  0.066
 24  0.281  0.330  0.261  0.313  0.233  0.265  0.190  0.199  0.152  0.117
 23  0.781  0.793  0.718  0.676  0.656  0.566  0.543  0.479  0.425  0.280
 22  0.908  0.914  0.837  0.774  0.768  0.656  0.643  0.565  0.514  0.334
 21  0.900  0.976  0.860  0.832  0.780  0.713  0.659  0.622  0.567  0.374
 20  0.956  1.041  0.924  0.883  0.846  0.766  0.718  0.674  0.625  0.400
 19  0.988  1.081  0.972  0.927  0.903  0.818  0.773  0.725  0.674  0.425
 18  0.986  1.096  1.003  0.967  0.951  0.875  0.823  0.773  0.720  0.457
 17  0.985  1.117  1.048  1.019  1.016  0.941  0.886  0.831  0.772  0.485
 16  1.093  1.224  1.200  1.155  1.189  1.086  1.042  0.957  0.865  0.549
 15  1.128  1.270  1.260  1.217  1.267  1.159  1.116  1.021  0.923  0.579
 14  1.160  1.308  1.304  1.265  1.323  1.216  1.174  1.078  0.980  0.607
 13  1.232  1.385  1.381  1.318  1.402  1.283  1.257  1.146  1.043  0.621
 12  1.307  1.453  1.436  1.345  1.452  1.329  1.332  1.197  1.102  0.637
 11  1.467  1.519  1.478  1.360  1.546  1.375  1.465  1.266  1.159  0.651
 10  1.569  1.592  1.540  1.384  1.594  1.427  1.551  1.334  1.209  0.657
  9  1.651  1.658  1.599  1.418  1.645  1.470  1.616  1.377  1.235  0.650
  8  1.729  1.741  1.667  1.474  1.696  1.501  1.659  1.389  1.222  0.622
  7  1.823  1.832  1.837  1.525  1.751  1.534  1.690  1.375  1.173  0.574
  6  1.939  1.941  1.956  1.579  1.827  1.576  1.743  1.362  1.103  0.520
  5  2.067  2.060  2.079  1.621  1.908  1.620  1.805  1.355  1.044  0.480
  4  2.173  2.177  2.178  1.616  1.939  1.621  1.811  1.318  0.987  0.450
  3  2.064  2.141  2.060  1.519  1.762  1.516  1.638  1.215  0.893  0.415
  2  1.618  1.752  1.607  1.259  1.345  1.242  1.246  0.970  0.680  0.345
  1  0.387  0.450  0.382  0.366  0.314  0.347  0.288  0.244  0.163  0.100
 25  0.244  0.203  0.222  0.191  0.205  0.157  0.159  0.122  0.114  0.079  0.053
 24  0.388  0.299  0.345  0.282  0.322  0.232  0.252  0.187  0.192  0.136  0.096
 23  0.936  0.844  0.856  0.796  0.735  0.654  0.633  0.540  0.449  0.392  0.217
 22  1.090  0.988  0.993  0.932  0.845  0.765  0.735  0.643  0.530  0.479  0.262
 21  1.184  0.984  1.055  0.933  0.915  0.777  0.776  0.662  0.586  0.523  0.296
 20  1.244  1.050  1.134  1.003  0.985  0.842  0.846  0.722  0.631  0.581  0.319
 19  1.266  1.087  1.186  1.060  1.043  0.899  0.908  0.778  0.674  0.632  0.341
 18  1.212  1.085  1.210  1.103  1.093  0.947  0.961  0.829  0.724  0.680  0.365
 17  0.914  1.082  1.243  1.161  1.158  1.012  1.029  0.895  0.776  0.729  0.387
 16  0.876  1.195  1.364  1.338  1.325  1.184  1.167  1.050  0.892  0.811  0.431
 15  0.881  1.227  1.415  1.412  1.404  1.262  1.244  1.129  0.951  0.868  0.453
 14  0.900  1.254  1.453  1.470  1.469  1.318  1.304  1.196  1.008  0.926  0.479
 13  0.937  1.319  1.519  1.543  1.538  1.396  1.392  1.288  1.055  0.989  0.492
 12  0.978  1.375  1.550  1.544  1.515  1.446  1.469  1.382  1.111  1.050  0.502
 11  1.025  1.508  1.555  1.309  1.200  1.540  1.541  1.551  1.172  1.106  0.512
 10  1.070  1.582  1.571  1.234  1.117  1.588  1.615  1.669  1.228  1.156  0.511
  9  1.107  1.645  1.607  1.264  1.137  1.639  1.672  1.751  1.252  1.180  0.500
  8  1.145  1.714  1.680  1.309  1.172  1.693  1.718  1.741  1.182  1.153  0.473
  7  1.188  1.804  1.770  1.372  1.217  1.749  1.735  1.369  0.854  1.071  0.433
  6  1.230  1.917  1.868  1.447  1.265  1.827  1.766  1.228  0.701  0.979  0.388
  5  1.263  2.041  1.973  1.503  1.291  1.910  1.820  1.192  0.646  0.921  0.350
  4  1.274  2.147  2.060  1.484  1.267  1.943  1.845  1.138  0.606  0.866  0.321
  3  1.211  2.046  1.997  1.338  1.167  1.768  1.709  1.009  0.554  0.772  0.293
  2  1.000  1.607  1.629  1.014  0.931  1.351  1.341  0.745  0.452  0.579  0.245
  1  0.265  0.380  0.414  0.227  0.237  0.316  0.336  0.165  0.130  0.138  0.077
 25  0.260  0.244  0.239  0.228  0.191  0.200  0.151  0.154  0.121  0.089  0.060
 24  0.412  0.380  0.373  0.357  0.282  0.313  0.223  0.248  0.200  0.150  0.105
 23  0.990  0.917  0.842  0.906  0.795  0.676  0.629  0.546  0.523  0.429  0.232
 22  1.156  1.060  0.975  1.058  0.932  0.774  0.735  0.634  0.634  0.522  0.278
 21  1.261  1.145  1.055  1.132  0.933  0.834  0.735  0.690  0.703  0.569  0.314
 20  1.329  1.208  1.116  1.222  1.003  0.884  0.794  0.739  0.773  0.633  0.339
 19  1.352  1.235  1.153  1.284  1.060  0.927  0.846  0.786  0.834  0.689  0.362
 18  1.296  1.229  1.170  1.323  1.102  0.965  0.890  0.834  0.889  0.737  0.387
 17  0.977  1.210  1.189  1.372  1.160  1.017  0.949  0.902  0.954  0.789  0.411
 16  0.927  1.288  1.298  1.509  1.337  1.153  1.112  1.041  1.076  0.879  0.460
 15  0.928  1.302  1.331  1.575  1.411  1.215  1.184  1.116  1.152  0.940  0.485
 14  0.945  1.318  1.359  1.630  1.468  1.262  1.239  1.182  1.226  1.001  0.516
 13  0.980  1.364  1.402  1.703  1.541  1.315  1.323  1.261  1.327  1.080  0.534
 12  1.018  1.401  1.420  1.689  1.542  1.341  1.400  1.343  1.429  1.154  0.551
 11  1.059  1.432  1.420  1.321  1.307  1.354  1.560  1.438  1.537  1.226  0.569
 10  1.094  1.474  1.428  1.217  1.232  1.377  1.655  1.532  1.661  1.295  0.578
  9  1.120  1.514  1.454  1.237  1.263  1.413  1.727  1.605  1.750  1.344  0.580
  8  1.141  1.564  1.496  1.284  1.309  1.472  1.773  1.623  1.737  1.349  0.568
  7  1.160  1.643  1.566  1.343  1.372  1.526  1.802  1.269  1.341  1.310  0.543
  6  1.171  1.727  1.633  1.406  1.447  1.582  1.854  1.137  1.189  1.264  0.506
  5  1.167  1.827  1.693  1.455  1.504  1.629  1.934  1.107  1.155  1.231  0.471
  4  1.161  1.931  1.729  1.448  1.486  1.629  1.981  1.070  1.117  1.199  0.439
  3  1.108  1.904  1.673  1.351  1.341  1.532  1.821  0.989  1.018  1.092  0.403
  2  0.926  1.594  1.423  1.081  1.017  1.272  1.398  0.792  0.761  0.815  0.338
  1  0.257  0.417  0.406  0.261  0.228  0.372  0.328  0.215  0.177  0.193  0.107
 25  0.232  0.255  0.218  0.240  0.222  0.179  0.184  0.138  0.129  0.097  0.066
 24  0.338  0.393  0.318  0.375  0.346  0.261  0.287  0.205  0.209  0.161  0.113
 23  0.941  0.982  0.899  0.839  0.852  0.718  0.665  0.583  0.529  0.424  0.261
 22  1.096  1.136  1.051  0.970  0.989  0.837  0.760  0.686  0.629  0.515  0.312
 21  1.090  1.194  1.047  1.050  1.058  0.860  0.815  0.688  0.699  0.579  0.349
 20  1.160  1.279  1.120  1.113  1.135  0.924  0.863  0.745  0.764  0.635  0.372
 19  1.194  1.324  1.165  1.161  1.184  0.972  0.903  0.794  0.818  0.684  0.393
 18  1.183  1.326  1.177  1.179  1.209  1.003  0.940  0.834  0.864  0.727  0.417
 17  1.169  1.328  1.197  1.196  1.241  1.047  0.987  0.889  0.921  0.777  0.438
 16  1.276  1.421  1.343  1.309  1.364  1.199  1.120  1.041  1.043  0.875  0.487
 15  1.295  1.445  1.379  1.341  1.415  1.259  1.177  1.109  1.111  0.932  0.512
 14  1.311  1.464  1.401  1.371  1.452  1.301  1.221  1.164  1.172  0.989  0.537
 13  1.372  1.529  1.464  1.416  1.517  1.377  1.289  1.252  1.263  1.064  0.556
 12  1.433  1.586  1.509  1.436  1.547  1.432  1.339  1.342  1.352  1.138  0.577
 11  1.582  1.636  1.630  1.437  1.552  1.474  1.402  1.519  1.438  1.211  0.598
 10  1.660  1.695  1.686  1.447  1.570  1.537  1.474  1.634  1.539  1.294  0.613
  9  1.713  1.738  1.735  1.477  1.609  1.597  1.536  1.721  1.632  1.362  0.620
  8  1.753  1.778  1.786  1.518  1.686  1.668  1.592  1.776  1.683  1.405  0.623
  7  1.796  1.833  1.857  1.565  1.779  1.842  1.664  1.811  1.702  1.437  0.623
  6  1.861  1.909  1.956  1.624  1.880  1.968  1.746  1.870  1.744  1.477  0.608
  5  1.948  2.003  2.072  1.683  1.984  2.097  1.845  1.965  1.823  1.517  0.583
  4  2.023  2.109  2.184  1.720  2.071  2.206  1.939  2.035  1.882  1.510  0.556
  3  1.911  2.087  2.105  1.664  2.008  2.097  1.884  1.890  1.765  1.394  0.519
  2  1.505  1.727  1.670  1.413  1.634  1.640  1.562  1.456  1.362  1.063  0.437
  1  0.361  0.439  0.397  0.406  0.416  0.390  0.424  0.343  0.335  0.255  0.135
 25  0.266  0.230  0.256  0.244  0.204  0.213  0.164  0.166  0.118  0.101  0.068
 24  0.411  0.332  0.396  0.381  0.299  0.330  0.240  0.262  0.178  0.166  0.116
 23  0.905  0.931  0.974  0.937  0.846  0.794  0.672  0.567  0.511  0.436  0.263
 22  1.049  1.083  1.128  1.088  0.991  0.916  0.782  0.644  0.605  0.520  0.313
 21  1.137  1.076  1.199  1.178  0.988  0.978  0.777  0.688  0.622  0.571  0.349
 20  1.200  1.148  1.284  1.246  1.055  1.043  0.832  0.725  0.676  0.624  0.370
 19  1.231  1.189  1.327  1.274  1.092  1.083  0.873  0.756  0.722  0.668  0.389
 18  1.236  1.196  1.328  1.260  1.090  1.097  0.901  0.782  0.760  0.707  0.411
 17  1.240  1.210  1.328  1.239  1.087  1.117  0.941  0.817  0.811  0.756  0.431
 16  1.343  1.351  1.423  1.316  1.200  1.224  1.086  0.946  0.946  0.846  0.479
 15  1.362  1.381  1.448  1.331  1.231  1.269  1.143  0.993  1.008  0.899  0.501
 14  1.381  1.399  1.468  1.348  1.258  1.306  1.187  1.033  1.060  0.948  0.524
 13  1.430  1.465  1.533  1.393  1.322  1.381  1.268  1.073  1.143  1.013  0.537
 12  1.482  1.527  1.586  1.417  1.378  1.448  1.351  1.138  1.228  1.077  0.552
 11  1.537  1.679  1.631  1.443  1.511  1.513  1.520  1.211  1.372  1.146  0.570
 10  1.593  1.760  1.682  1.478  1.584  1.586  1.632  1.294  1.482  1.223  0.584
  9  1.627  1.811  1.719  1.512  1.648  1.652  1.723  1.365  1.575  1.292  0.600
  8  1.626  1.840  1.751  1.562  1.716  1.737  1.805  1.426  1.657  1.367  0.607
  7  1.596  1.871  1.794  1.608  1.805  1.831  1.901  1.490  1.742  1.435  0.607
  6  1.583  1.929  1.856  1.666  1.916  1.944  2.029  1.576  1.852  1.508  0.598
  5  1.605  2.019  1.943  1.739  2.038  2.069  2.171  1.679  1.982  1.571  0.578
  4  1.631  2.114  2.069  1.809  2.140  2.192  2.298  1.766  2.079  1.577  0.555
  3  1.579  2.022  2.046  1.770  2.036  2.165  2.212  1.720  1.946  1.472  0.524
  2  1.342  1.600  1.689  1.496  1.599  1.777  1.742  1.453  1.501  1.162  0.451
  1  0.381  0.381  0.437  0.406  0.379  0.459  0.415  0.429  0.351  0.290  0.148
 25  0.262  0.266  0.232  0.260  0.244  0.191  0.193  0.145  0.135  0.103  0.068
 24  0.405  0.409  0.337  0.412  0.389  0.281  0.301  0.214  0.214  0.169  0.115
 23  0.980  0.886  0.939  0.991  0.939  0.781  0.693  0.596  0.530  0.391  0.250
 22  1.142  1.020  1.094  1.158  1.093  0.908  0.794  0.695  0.622  0.457  0.294
 21  1.243  1.104  1.090  1.264  1.189  0.900  0.849  0.691  0.681  0.502  0.326
 20  1.316  1.183  1.161  1.333  1.250  0.957  0.893  0.742  0.738  0.536  0.347
 19  1.351  1.221  1.197  1.356  1.273  0.989  0.922  0.784  0.785  0.567  0.369
 18  1.358  1.230  1.187  1.299  1.219  0.987  0.940  0.815  0.824  0.600  0.395
 17  1.368  1.240  1.173  0.978  0.919  0.985  0.965  0.859  0.875  0.636  0.415
 16  1.478  1.358  1.282  0.929  0.881  1.093  1.078  0.999  0.984  0.732  0.470
 15  1.501  1.385  1.302  0.929  0.886  1.128  1.122  1.058  1.045  0.772  0.492
 14  1.524  1.406  1.319  0.946  0.905  1.159  1.159  1.104  1.097  0.810  0.514
 13  1.574  1.454  1.379  0.978  0.942  1.230  1.224  1.188  1.180  0.839  0.529
 12  1.612  1.495  1.438  1.014  0.983  1.305  1.282  1.276  1.264  0.881  0.536
 11  1.666  1.543  1.585  1.052  1.030  1.466  1.357  1.451  1.352  0.928  0.555
 10  1.729  1.596  1.661  1.085  1.075  1.569  1.442  1.574  1.462  0.980  0.572
  9  1.767  1.629  1.712  1.109  1.113  1.653  1.527  1.676  1.565  1.028  0.595
  8  1.737  1.630  1.749  1.128  1.150  1.734  1.599  1.767  1.658  1.077  0.613
  7  1.345  1.604  1.788  1.146  1.192  1.831  1.674  1.873  1.761  1.128  0.623
  6  1.188  1.591  1.849  1.160  1.232  1.952  1.760  2.010  1.887  1.180  0.626
  5  1.148  1.610  1.932  1.176  1.257  2.084  1.861  2.163  2.032  1.221  0.623
  4  1.114  1.626  2.003  1.172  1.249  2.196  1.960  2.301  2.169  1.236  0.612
  3  1.058  1.563  1.887  1.117  1.182  2.093  1.931  2.210  2.107  1.194  0.587
  2  0.887  1.324  1.485  0.931  0.978  1.644  1.637  1.731  1.632  1.014  0.507
  1  0.238  0.381  0.357  0.253  0.263  0.394  0.465  0.416  0.413  0.291  0.158
 25  0.262  0.266  0.232  0.260  0.244  0.191  0.193  0.145  0.135  0.103  0.068
 24  0.405  0.409  0.338  0.413  0.389  0.281  0.301  0.214  0.214  0.168  0.115
 23  0.981  0.887  0.940  0.992  0.939  0.781  0.694  0.596  0.530  0.372  0.246
 22  1.143  1.021  1.095  1.158  1.094  0.909  0.794  0.695  0.622  0.435  0.289
 21  1.245  1.107  1.091  1.265  1.190  0.901  0.849  0.691  0.680  0.481  0.321
 20  1.319  1.187  1.162  1.333  1.252  0.958  0.893  0.742  0.737  0.520  0.342
 19  1.354  1.225  1.198  1.357  1.275  0.990  0.923  0.784  0.785  0.556  0.364
 18  1.361  1.233  1.188  1.300  1.221  0.987  0.940  0.815  0.825  0.588  0.391
 17  1.370  1.242  1.174  0.979  0.920  0.986  0.966  0.859  0.875  0.623  0.413
 16  1.480  1.356  1.283  0.930  0.882  1.093  1.078  0.999  0.984  0.723  0.471
 15  1.502  1.381  1.302  0.930  0.887  1.128  1.122  1.058  1.044  0.764  0.496
 14  1.525  1.402  1.319  0.946  0.906  1.160  1.160  1.105  1.096  0.804  0.519
 13  1.575  1.450  1.379  0.979  0.943  1.231  1.225  1.188  1.181  0.848  0.534
 12  1.613  1.498  1.438  1.014  0.984  1.306  1.282  1.276  1.265  0.869  0.541
 11  1.667  1.547  1.585  1.052  1.031  1.466  1.357  1.451  1.352  0.917  0.558
 10  1.730  1.600  1.661  1.085  1.075  1.569  1.442  1.574  1.462  0.970  0.575
  9  1.768  1.634  1.711  1.109  1.113  1.654  1.526  1.676  1.565  1.025  0.593
  8  1.736  1.635  1.749  1.128  1.151  1.734  1.599  1.767  1.659  1.080  0.609
  7  1.344  1.608  1.787  1.145  1.192  1.831  1.674  1.873  1.762  1.139  0.625
  6  1.187  1.596  1.849  1.160  1.233  1.952  1.761  2.010  1.888  1.196  0.633
  5  1.148  1.619  1.932  1.175  1.258  2.084  1.862  2.163  2.034  1.238  0.635
  4  1.116  1.643  2.003  1.171  1.251  2.196  1.962  2.301  2.172  1.247  0.627
  3  1.061  1.586  1.887  1.116  1.184  2.093  1.934  2.211  2.110  1.197  0.602
  2  0.889  1.342  1.485  0.930  0.979  1.643  1.640  1.732  1.634  1.013  0.518
  1  0.238  0.381  0.357  0.253  0.263  0.394  0.465  0.416  0.414  0.293  0.161
 25  0.267  0.230  0.257  0.245  0.204  0.213  0.164  0.166  0.118  0.101  0.068
 24  0.412  0.333  0.397  0.382  0.300  0.331  0.241  0.262  0.178  0.166  0.116
 23  0.908  0.934  0.977  0.940  0.848  0.796  0.673  0.567  0.511  0.435  0.269
 22  1.052  1.086  1.131  1.092  0.993  0.918  0.783  0.645  0.605  0.519  0.319
 21  1.140  1.079  1.202  1.182  0.990  0.980  0.778  0.689  0.621  0.570  0.355
 20  1.204  1.151  1.288  1.250  1.057  1.045  0.832  0.725  0.675  0.623  0.377
 19  1.235  1.192  1.331  1.278  1.095  1.085  0.874  0.756  0.721  0.667  0.397
 18  1.240  1.199  1.331  1.264  1.092  1.099  0.902  0.783  0.760  0.707  0.420
 17  1.244  1.212  1.332  1.242  1.089  1.119  0.942  0.818  0.811  0.756  0.441
 16  1.346  1.353  1.426  1.320  1.202  1.226  1.087  0.947  0.946  0.847  0.493
 15  1.364  1.382  1.450  1.334  1.233  1.271  1.144  0.994  1.009  0.900  0.517
 14  1.383  1.401  1.470  1.351  1.260  1.308  1.188  1.034  1.061  0.949  0.540
 13  1.432  1.466  1.534  1.396  1.324  1.382  1.269  1.074  1.144  1.014  0.556
 12  1.484  1.528  1.587  1.419  1.379  1.449  1.352  1.139  1.228  1.078  0.571
 11  1.538  1.680  1.632  1.444  1.512  1.514  1.521  1.211  1.371  1.146  0.590
 10  1.594  1.761  1.683  1.479  1.585  1.587  1.632  1.294  1.481  1.223  0.605
  9  1.628  1.812  1.719  1.512  1.648  1.653  1.723  1.364  1.575  1.293  0.618
  8  1.626  1.840  1.751  1.561  1.716  1.738  1.805  1.426  1.657  1.368  0.629
  7  1.595  1.870  1.794  1.606  1.804  1.831  1.901  1.490  1.743  1.438  0.635
  6  1.581  1.928  1.855  1.664  1.915  1.943  2.029  1.577  1.855  1.513  0.635
  5  1.604  2.018  1.941  1.737  2.036  2.066  2.170  1.681  1.986  1.581  0.627
  4  1.629  2.114  2.066  1.810  2.138  2.186  2.297  1.768  2.085  1.591  0.613
  3  1.579  2.023  2.043  1.771  2.034  2.157  2.211  1.723  1.953  1.485  0.582
  2  1.341  1.601  1.688  1.497  1.597  1.772  1.741  1.454  1.506  1.173  0.498
  1  0.381  0.381  0.437  0.405  0.379  0.458  0.415  0.429  0.352  0.292  0.153
 25  0.233  0.256  0.219  0.241  0.223  0.179  0.184  0.138  0.130  0.097  0.067
 24  0.339  0.395  0.320  0.376  0.347  0.262  0.288  0.206  0.210  0.162  0.115
 23  0.945  0.988  0.904  0.843  0.856  0.720  0.667  0.584  0.530  0.426  0.264
 22  1.101  1.142  1.056  0.975  0.993  0.840  0.762  0.687  0.631  0.517  0.315
 21  1.096  1.199  1.052  1.055  1.062  0.863  0.816  0.689  0.701  0.581  0.353
 20  1.165  1.285  1.126  1.119  1.140  0.927  0.865  0.746  0.765  0.637  0.375
 19  1.199  1.331  1.170  1.166  1.189  0.975  0.904  0.794  0.819  0.686  0.396
 18  1.188  1.332  1.182  1.185  1.214  1.005  0.942  0.835  0.865  0.730  0.419
 17  1.173  1.333  1.201  1.201  1.245  1.050  0.988  0.890  0.922  0.780  0.440
 16  1.280  1.425  1.347  1.313  1.368  1.201  1.122  1.042  1.045  0.878  0.489
 15  1.297  1.448  1.382  1.346  1.418  1.261  1.179  1.110  1.113  0.935  0.514
 14  1.313  1.466  1.404  1.374  1.455  1.303  1.222  1.165  1.173  0.992  0.538
 13  1.373  1.531  1.466  1.419  1.519  1.379  1.290  1.253  1.264  1.066  0.553
 12  1.434  1.587  1.511  1.438  1.549  1.433  1.340  1.342  1.351  1.139  0.570
 11  1.582  1.637  1.631  1.439  1.554  1.475  1.403  1.519  1.437  1.212  0.588
 10  1.661  1.695  1.687  1.448  1.571  1.537  1.475  1.634  1.537  1.294  0.601
  9  1.713  1.738  1.735  1.477  1.609  1.598  1.536  1.721  1.630  1.363  0.614
  8  1.752  1.777  1.786  1.518  1.687  1.668  1.592  1.776  1.682  1.406  0.614
  7  1.794  1.831  1.855  1.564  1.779  1.842  1.664  1.811  1.702  1.438  0.603
  6  1.859  1.907  1.954  1.622  1.878  1.967  1.745  1.870  1.745  1.479  0.582
  5  1.945  2.000  2.069  1.681  1.981  2.095  1.843  1.965  1.825  1.523  0.555
  4  2.020  2.105  2.181  1.718  2.066  2.202  1.935  2.035  1.886  1.519  0.528
  3  1.907  2.083  2.101  1.663  2.002  2.092  1.879  1.889  1.770  1.404  0.492
  2  1.502  1.723  1.666  1.412  1.630  1.635  1.556  1.455  1.365  1.069  0.417
  1  0.360  0.438  0.396  0.405  0.415  0.389  0.423  0.342  0.336  0.256  0.135
 25  0.262  0.245  0.241  0.229  0.192  0.201  0.152  0.155  0.122  0.090  0.061
 24  0.415  0.383  0.376  0.359  0.283  0.314  0.224  0.249  0.201  0.152  0.107
 23  0.997  0.923  0.848  0.912  0.800  0.680  0.631  0.548  0.525  0.433  0.252
 22  1.164  1.067  0.982  1.065  0.937  0.778  0.738  0.635  0.636  0.527  0.301
 21  1.271  1.153  1.063  1.138  0.937  0.837  0.737  0.691  0.704  0.571  0.337
 20  1.338  1.217  1.124  1.229  1.008  0.888  0.796  0.740  0.774  0.635  0.360
 19  1.362  1.243  1.160  1.292  1.064  0.930  0.848  0.786  0.835  0.690  0.381
 18  1.304  1.237  1.177  1.330  1.107  0.968  0.891  0.835  0.889  0.738  0.405
 17  0.982  1.216  1.196  1.379  1.164  1.020  0.951  0.904  0.955  0.791  0.427
 16  0.931  1.294  1.303  1.515  1.341  1.156  1.114  1.043  1.076  0.881  0.478
 15  0.931  1.305  1.335  1.579  1.415  1.218  1.186  1.119  1.152  0.941  0.502
 14  0.947  1.321  1.363  1.634  1.471  1.265  1.240  1.185  1.226  1.001  0.526
 13  0.981  1.366  1.405  1.705  1.544  1.317  1.324  1.263  1.326  1.079  0.544
 12  1.019  1.403  1.422  1.690  1.544  1.342  1.401  1.344  1.427  1.153  0.559
 11  1.060  1.433  1.421  1.322  1.308  1.355  1.560  1.438  1.535  1.224  0.577
 10  1.094  1.475  1.428  1.218  1.233  1.378  1.655  1.531  1.659  1.293  0.587
  9  1.119  1.515  1.453  1.238  1.263  1.413  1.727  1.604  1.747  1.343  0.590
  8  1.140  1.564  1.495  1.284  1.308  1.472  1.773  1.622  1.734  1.349  0.581
  7  1.159  1.642  1.564  1.343  1.371  1.525  1.801  1.268  1.340  1.312  0.556
  6  1.169  1.726  1.630  1.405  1.445  1.580  1.852  1.135  1.188  1.270  0.525
  5  1.165  1.826  1.689  1.455  1.501  1.625  1.931  1.104  1.156  1.241  0.497
  4  1.159  1.929  1.723  1.448  1.481  1.624  1.975  1.066  1.118  1.211  0.471
  3  1.107  1.902  1.666  1.351  1.335  1.526  1.813  0.984  1.019  1.103  0.436
  2  0.925  1.591  1.416  1.079  1.012  1.266  1.391  0.787  0.761  0.820  0.364
  1  0.256  0.415  0.405  0.260  0.227  0.370  0.327  0.214  0.177  0.194  0.109
 25  0.246  0.205  0.224  0.193  0.207  0.158  0.161  0.123  0.115  0.080  0.054
 24  0.392  0.302  0.348  0.285  0.325  0.234  0.254  0.189  0.194  0.137  0.097
 23  0.945  0.852  0.864  0.803  0.742  0.658  0.637  0.543  0.451  0.395  0.220
 22  1.100  0.997  1.002  0.940  0.853  0.771  0.739  0.645  0.531  0.482  0.266
 21  1.194  0.993  1.064  0.940  0.922  0.782  0.779  0.662  0.584  0.524  0.298
 20  1.254  1.059  1.144  1.010  0.993  0.847  0.849  0.721  0.627  0.580  0.317
 19  1.275  1.095  1.195  1.067  1.050  0.903  0.910  0.777  0.670  0.631  0.337
 18  1.220  1.093  1.219  1.109  1.100  0.951  0.963  0.828  0.720  0.678  0.360
 17  0.919  1.089  1.250  1.167  1.165  1.016  1.031  0.895  0.772  0.728  0.381
 16  0.881  1.201  1.371  1.344  1.331  1.188  1.170  1.051  0.889  0.810  0.431
 15  0.884  1.231  1.420  1.417  1.410  1.265  1.247  1.129  0.948  0.866  0.454
 14  0.903  1.257  1.457  1.474  1.474  1.321  1.307  1.196  1.004  0.923  0.476
 13  0.939  1.321  1.522  1.546  1.542  1.399  1.393  1.288  1.052  0.986  0.488
 12  0.979  1.376  1.552  1.546  1.518  1.448  1.470  1.381  1.107  1.046  0.496
 11  1.026  1.509  1.556  1.310  1.200  1.541  1.541  1.550  1.168  1.102  0.506
 10  1.070  1.582  1.571  1.234  1.115  1.588  1.615  1.668  1.224  1.152  0.507
  9  1.107  1.644  1.606  1.264  1.137  1.639  1.671  1.749  1.249  1.176  0.499
  8  1.144  1.712  1.678  1.308  1.171  1.692  1.718  1.739  1.179  1.150  0.477
  7  1.186  1.801  1.767  1.370  1.216  1.747  1.733  1.367  0.851  1.069  0.442
  6  1.227  1.912  1.864  1.443  1.261  1.823  1.762  1.225  0.700  0.979  0.402
  5  1.258  2.035  1.966  1.497  1.284  1.904  1.813  1.187  0.645  0.923  0.369
  4  1.268  2.138  2.049  1.476  1.258  1.933  1.833  1.132  0.605  0.869  0.344
  3  1.205  2.034  1.983  1.329  1.157  1.755  1.695  1.001  0.553  0.774  0.316
  2  0.994  1.596  1.617  1.007  0.921  1.339  1.329  0.738  0.450  0.580  0.262
  1  0.263  0.378  0.411  0.225  0.235  0.313  0.333  0.163  0.129  0.138  0.079
 25  0.194  0.215  0.181  0.203  0.160  0.169  0.127  0.122  0.091  0.067
 24  0.284  0.334  0.265  0.317  0.236  0.267  0.192  0.201  0.153  0.118
 23  0.791  0.805  0.728  0.685  0.663  0.571  0.548  0.483  0.431  0.279
 22  0.919  0.927  0.848  0.784  0.776  0.662  0.648  0.568  0.517  0.332
 21  0.911  0.989  0.871  0.843  0.788  0.719  0.663  0.622  0.545  0.369
 20  0.967  1.054  0.935  0.893  0.853  0.772  0.722  0.673  0.602  0.392
 19  0.998  1.093  0.982  0.936  0.910  0.824  0.776  0.724  0.655  0.415
 18  0.994  1.106  1.012  0.976  0.958  0.881  0.826  0.773  0.704  0.443
 17  0.992  1.125  1.056  1.027  1.022  0.947  0.889  0.831  0.761  0.469
 16  1.098  1.230  1.206  1.162  1.195  1.092  1.045  0.957  0.858  0.528
 15  1.132  1.275  1.265  1.223  1.272  1.165  1.119  1.022  0.918  0.555
 14  1.163  1.311  1.308  1.270  1.327  1.222  1.176  1.078  0.975  0.582
 13  1.233  1.386  1.384  1.322  1.405  1.288  1.259  1.146  1.038  0.599
 12  1.307  1.454  1.438  1.348  1.454  1.332  1.333  1.196  1.097  0.613
 11  1.467  1.518  1.479  1.362  1.548  1.377  1.465  1.265  1.154  0.627
 10  1.568  1.591  1.540  1.384  1.594  1.428  1.551  1.332  1.205  0.632
  9  1.649  1.656  1.599  1.418  1.644  1.470  1.615  1.374  1.231  0.624
  8  1.726  1.738  1.665  1.473  1.695  1.499  1.657  1.386  1.217  0.598
  7  1.818  1.827  1.834  1.522  1.748  1.531  1.688  1.370  1.167  0.551
  6  1.932  1.934  1.950  1.573  1.823  1.571  1.737  1.355  1.096  0.498
  5  2.058  2.051  2.069  1.611  1.900  1.610  1.796  1.343  1.037  0.456
  4  2.162  2.164  2.163  1.602  1.925  1.603  1.794  1.303  0.980  0.423
  3  2.050  2.123  2.040  1.501  1.745  1.494  1.618  1.196  0.882  0.388
  2  1.605  1.733  1.588  1.243  1.330  1.222  1.229  0.952  0.655  0.324
  1  0.384  0.445  0.377  0.361  0.310  0.343  0.284  0.240  0.159  0.097
 25  0.197  0.168  0.189  0.154  0.163  0.129  0.122  0.099  0.073  0.048
 24  0.308  0.246  0.295  0.228  0.258  0.195  0.199  0.167  0.127  0.087
 23  0.709  0.687  0.659  0.644  0.650  0.557  0.535  0.395  0.302  0.203
 22  0.811  0.800  0.757  0.754  0.756  0.659  0.635  0.464  0.359  0.243
 21  0.866  0.793  0.814  0.753  0.796  0.675  0.677  0.510  0.398  0.270
 20  0.909  0.847  0.863  0.813  0.868  0.735  0.746  0.545  0.421  0.285
 19  0.937  0.888  0.903  0.864  0.930  0.791  0.806  0.580  0.445  0.300
 18  0.952  0.914  0.936  0.907  0.982  0.839  0.859  0.615  0.474  0.318
 17  0.975  0.953  0.982  0.965  1.048  0.902  0.920  0.655  0.505  0.335
 16  1.088  1.096  1.117  1.127  1.186  1.058  1.039  0.758  0.562  0.372
 15  1.130  1.152  1.176  1.198  1.262  1.132  1.108  0.803  0.590  0.390
 14  1.167  1.195  1.222  1.252  1.321  1.189  1.167  0.843  0.616  0.404
 13  1.230  1.276  1.291  1.336  1.409  1.273  1.247  0.866  0.637  0.409
 12  1.283  1.358  1.341  1.413  1.487  1.348  1.315  0.902  0.652  0.412
 11  1.355  1.527  1.405  1.574  1.559  1.481  1.381  0.938  0.665  0.412
 10  1.437  1.635  1.476  1.668  1.635  1.567  1.447  0.971  0.669  0.402
  9  1.518  1.720  1.535  1.736  1.688  1.631  1.495  0.993  0.664  0.382
  8  1.587  1.795  1.584  1.776  1.717  1.672  1.522  1.002  0.660  0.362
  7  1.653  1.880  1.625  1.795  1.736  1.702  1.543  0.997  0.635  0.328
  6  1.733  1.990  1.684  1.833  1.763  1.749  1.569  0.979  0.600  0.291
  5  1.826  2.112  1.759  1.896  1.807  1.805  1.588  0.957  0.563  0.261
  4  1.911  2.214  1.816  1.921  1.817  1.801  1.553  0.927  0.530  0.239
  3  1.867  2.100  1.731  1.747  1.677  1.622  1.427  0.865  0.491  0.219
  2  1.575  1.645  1.431  1.336  1.311  1.232  1.137  0.710  0.409  0.186
  1  0.445  0.391  0.396  0.313  0.325  0.284  0.276  0.195  0.120  0.059
 25  0.150  0.172  0.143  0.159  0.127  0.124  0.098  0.080
 24  0.222  0.273  0.213  0.257  0.195  0.206  0.164  0.142
 23  0.620  0.589  0.604  0.581  0.563  0.522  0.455  0.334
 22  0.721  0.668  0.711  0.677  0.670  0.615  0.548  0.399
 21  0.716  0.711  0.712  0.741  0.690  0.674  0.601  0.445
 20  0.766  0.745  0.769  0.793  0.752  0.727  0.660  0.474
 19  0.806  0.771  0.817  0.839  0.808  0.774  0.710  0.503
 18  0.836  0.793  0.855  0.884  0.857  0.816  0.754  0.534
 17  0.878  0.823  0.908  0.940  0.920  0.867  0.804  0.563
 16  1.016  0.950  1.058  1.064  1.075  0.987  0.897  0.625
 15  1.074  0.993  1.124  1.131  1.152  1.046  0.952  0.653
 14  1.120  1.031  1.179  1.194  1.219  1.099  1.005  0.678
 13  1.203  1.087  1.267  1.271  1.313  1.166  1.068  0.691
 12  1.290  1.123  1.356  1.357  1.409  1.216  1.124  0.702
 11  1.464  1.196  1.535  1.453  1.580  1.281  1.176  0.711
 10  1.581  1.274  1.647  1.541  1.699  1.345  1.222  0.708
  9  1.673  1.336  1.729  1.606  1.781  1.385  1.256  0.697
  8  1.752  1.381  1.773  1.611  1.768  1.403  1.276  0.686
  7  1.839  1.424  1.788  1.237  1.385  1.384  1.292  0.662
  6  1.949  1.478  1.823  1.079  1.230  1.358  1.290  0.630
  5  2.071  1.536  1.886  1.023  1.179  1.335  1.261  0.602
  4  2.169  1.564  1.915  0.968  1.114  1.288  1.206  0.567
  3  2.053  1.498  1.747  0.888  0.981  1.185  1.099  0.523
  2  1.610  1.274  1.340  0.717  0.723  0.950  0.850  0.438
  1  0.386  0.390  0.316  0.199  0.159  0.241  0.203  0.132
 25  0.141  0.124  0.135  0.126  0.118  0.095  0.076
 24  0.227  0.188  0.219  0.209  0.199  0.160  0.133
 23  0.576  0.539  0.555  0.561  0.499  0.445  0.306
 22  0.674  0.637  0.660  0.674  0.596  0.538  0.365
 21  0.722  0.650  0.731  0.739  0.663  0.584  0.406
 20  0.781  0.703  0.796  0.812  0.717  0.643  0.431
 19  0.827  0.748  0.848  0.871  0.764  0.695  0.454
 18  0.863  0.784  0.891  0.922  0.808  0.742  0.480
 17  0.910  0.832  0.945  0.984  0.860  0.792  0.504
 16  1.016  0.965  1.064  1.103  0.972  0.880  0.561
 15  1.074  1.025  1.129  1.174  1.035  0.939  0.589
 14  1.128  1.077  1.190  1.246  1.101  0.998  0.616
 13  1.213  1.161  1.280  1.341  1.173  1.069  0.633
 12  1.298  1.246  1.368  1.440  1.236  1.135  0.649
 11  1.384  1.392  1.453  1.543  1.311  1.197  0.664
 10  1.479  1.498  1.550  1.648  1.382  1.252  0.670
  9  1.555  1.583  1.636  1.730  1.429  1.281  0.669
  8  1.621  1.649  1.674  1.712  1.384  1.263  0.662
  7  1.685  1.706  1.671  1.318  1.019  1.188  0.631
  6  1.761  1.783  1.683  1.142  0.833  1.090  0.585
  5  1.845  1.869  1.720  1.077  0.755  1.010  0.537
  4  1.905  1.909  1.724  1.012  0.692  0.950  0.496
  3  1.820  1.754  1.596  0.913  0.621  0.854  0.453
  2  1.482  1.354  1.238  0.701  0.495  0.665  0.381
  1  0.373  0.317  0.305  0.164  0.128  0.161  0.119
 25  0.110  0.106  0.102  0.095  0.084  0.069  0.050
 24  0.182  0.174  0.171  0.161  0.144  0.122  0.090
 23  0.433  0.476  0.449  0.431  0.405  0.277  0.214
 22  0.506  0.567  0.540  0.523  0.494  0.335  0.257
 21  0.552  0.591  0.602  0.588  0.540  0.376  0.288
 20  0.585  0.647  0.659  0.646  0.596  0.402  0.305
 19  0.613  0.695  0.706  0.696  0.646  0.426  0.321
 18  0.639  0.736  0.747  0.741  0.690  0.452  0.340
 17  0.669  0.781  0.793  0.789  0.737  0.475  0.356
 16  0.748  0.863  0.882  0.877  0.816  0.533  0.390
 15  0.785  0.916  0.937  0.934  0.870  0.560  0.405
 14  0.822  0.970  0.993  0.994  0.927  0.589  0.420
 13  0.864  1.044  1.070  1.072  0.993  0.607  0.425
 12  0.908  1.119  1.145  1.149  1.056  0.619  0.427
 11  0.956  1.194  1.221  1.223  1.116  0.636  0.428
 10  1.000  1.276  1.305  1.298  1.166  0.649  0.420
  9  1.035  1.330  1.364  1.350  1.189  0.645  0.403
  8  1.064  1.367  1.396  1.352  1.155  0.622  0.373
  7  1.083  1.394  1.405  1.298  1.053  0.567  0.333
  6  1.088  1.419  1.408  1.224  0.937  0.500  0.291
  5  1.075  1.426  1.398  1.155  0.858  0.445  0.256
  4  1.055  1.391  1.350  1.086  0.783  0.403  0.230
  3  1.010  1.295  1.234  0.979  0.694  0.367  0.210
  2  0.865  1.045  0.961  0.750  0.541  0.309  0.180
  1  0.256  0.257  0.231  0.179  0.131  0.095  0.058
 25  0.073  0.073  0.070  0.063  0.056
 24  0.124  0.124  0.120  0.110  0.100
 23  0.273  0.285  0.275  0.247  0.221
 22  0.323  0.338  0.328  0.297  0.266
 21  0.360  0.374  0.365  0.335  0.298
 20  0.380  0.394  0.387  0.359  0.318
 19  0.398  0.411  0.406  0.381  0.340
 18  0.418  0.430  0.428  0.406  0.362
 17  0.435  0.447  0.447  0.427  0.382
 16  0.483  0.492  0.493  0.475  0.430
 15  0.503  0.513  0.516  0.498  0.453
 14  0.525  0.536  0.541  0.523  0.475
 13  0.536  0.552  0.557  0.541  0.488
 12  0.553  0.573  0.575  0.555  0.499
 11  0.570  0.593  0.594  0.573  0.510
 10  0.582  0.604  0.605  0.583  0.512
  9  0.593  0.609  0.613  0.588  0.501
  8  0.594  0.605  0.604  0.572  0.473
  7  0.582  0.590  0.580  0.533  0.426
  6  0.560  0.564  0.541  0.484  0.376
  5  0.532  0.535  0.501  0.440  0.334
  4  0.508  0.517  0.467  0.403  0.302
  3  0.482  0.490  0.433  0.369  0.273
  2  0.421  0.423  0.370  0.311  0.229
  1  0.137  0.134  0.120  0.099  0.072
