
        1      2      3      4      5      6      7      8      9      10     11     12     13     14     15     16     17     18     19      20     21    22
25  1  0.000  0.000  0.000  0.000  0.000  0.000  0.061  0.069  0.075  0.078  0.079  0.079  0.078  0.075  0.068  0.060  0.000  0.000  0.000  0.000  0.000  0.000
25  2  0.000  0.000  0.000  0.000  0.055  0.076  0.094  0.107  0.115  0.119  0.123  0.123  0.118  0.114  0.105  0.092  0.075  0.053  0.000  0.000  0.000  0.000
25  3  0.000  0.000  0.000  0.000  0.085  0.108  0.131  0.143  0.153  0.146  0.160  0.160  0.145  0.151  0.141  0.130  0.106  0.083  0.000  0.000  0.000  0.000
25  4  0.000  0.000  0.000  0.091  0.114  0.143  0.149  0.178  0.170  0.192  0.178  0.177  0.190  0.168  0.176  0.148  0.141  0.112  0.090  0.000  0.000  0.000
25  5  0.000  0.054  0.083  0.115  0.143  0.156  0.187  0.185  0.212  0.199  0.219  0.218  0.198  0.210  0.184  0.186  0.155  0.142  0.114  0.083  0.053  0.000
25  6  0.000  0.075  0.106  0.142  0.156  0.194  0.193  0.225  0.215  0.235  0.223  0.222  0.235  0.214  0.224  0.192  0.193  0.155  0.141  0.105  0.075  0.000
25  7  0.061  0.092  0.132  0.149  0.188  0.194  0.229  0.224  0.246  0.235  0.252  0.252  0.235  0.245  0.223  0.228  0.193  0.187  0.149  0.132  0.092  0.060
25  8  0.069  0.105  0.143  0.179  0.188  0.228  0.226  0.250  0.260  0.261  0.263  0.263  0.261  0.259  0.249  0.225  0.228  0.188  0.179  0.143  0.105  0.069
25  9  0.076  0.115  0.155  0.173  0.216  0.220  0.249  0.261  0.251  0.269  0.253  0.253  0.269  0.250  0.261  0.249  0.220  0.216  0.173  0.155  0.116  0.076
25  10  0.079  0.121  0.149  0.197  0.207  0.243  0.241  0.265  0.272  0.257  0.272  0.272  0.257  0.272  0.264  0.241  0.243  0.207  0.197  0.149  0.121  0.080
25  11  0.080  0.124  0.163  0.184  0.227  0.231  0.260  0.269  0.259  0.274  0.268  0.268  0.274  0.258  0.269  0.260  0.231  0.227  0.184  0.164  0.124  0.080
25  12  0.080  0.124  0.163  0.184  0.227  0.231  0.261  0.270  0.259  0.274  0.268  0.268  0.274  0.259  0.270  0.261  0.231  0.228  0.184  0.164  0.124  0.080
25  13  0.079  0.121  0.149  0.197  0.207  0.244  0.241  0.265  0.273  0.258  0.272  0.272  0.258  0.273  0.265  0.241  0.244  0.207  0.198  0.149  0.122  0.080
25  14  0.075  0.115  0.155  0.174  0.217  0.221  0.250  0.262  0.252  0.270  0.255  0.255  0.270  0.252  0.262  0.250  0.221  0.217  0.174  0.155  0.116  0.077
25  15  0.069  0.105  0.143  0.179  0.189  0.229  0.227  0.251  0.261  0.263  0.265  0.265  0.263  0.261  0.251  0.227  0.229  0.189  0.180  0.143  0.106  0.070
25  16  0.060  0.092  0.131  0.149  0.188  0.195  0.230  0.225  0.247  0.237  0.254  0.254  0.237  0.247  0.225  0.230  0.195  0.189  0.150  0.132  0.093  0.061
25  17  0.000  0.075  0.105  0.142  0.156  0.194  0.194  0.226  0.216  0.237  0.225  0.225  0.238  0.216  0.227  0.194  0.195  0.156  0.143  0.106  0.076  0.000
25  18  0.000  0.054  0.083  0.115  0.143  0.156  0.188  0.187  0.213  0.202  0.222  0.222  0.202  0.214  0.187  0.188  0.157  0.144  0.116  0.084  0.054  0.000
25  19  0.000  0.000  0.000  0.090  0.113  0.143  0.150  0.179  0.172  0.194  0.181  0.181  0.195  0.172  0.179  0.150  0.144  0.114  0.091  0.000  0.000  0.000
25  20  0.000  0.000  0.000  0.000  0.085  0.108  0.132  0.144  0.155  0.148  0.163  0.163  0.149  0.155  0.144  0.132  0.108  0.086  0.000  0.000  0.000  0.000
25  21  0.000  0.000  0.000  0.000  0.054  0.077  0.094  0.108  0.116  0.120  0.125  0.125  0.121  0.116  0.107  0.094  0.076  0.055  0.000  0.000  0.000  0.000
25  22  0.000  0.000  0.000  0.000  0.000  0.000  0.061  0.070  0.077  0.079  0.081  0.081  0.080  0.077  0.069  0.060  0.000  0.000  0.000  0.000  0.000  0.000


        1      2      3      4      5      6      7      8      9      10     11     12     13     14     15     16     17     18     19      20     21    22
24  1  0.000  0.000  0.000  0.000  0.000  0.000  0.108  0.119  0.128  0.133  0.134  0.135  0.133  0.128  0.117  0.107  0.000  0.000  0.000  0.000  0.000  0.000
24  2  0.000  0.000  0.000  0.000  0.097  0.133  0.160  0.180  0.192  0.197  0.205  0.205  0.196  0.190  0.178  0.158  0.131  0.094  0.000  0.000  0.000  0.000
24  3  0.000  0.000  0.000  0.000  0.148  0.182  0.220  0.236  0.250  0.234  0.260  0.259  0.232  0.247  0.233  0.218  0.179  0.144  0.000  0.000  0.000  0.000
24  4  0.000  0.000  0.000  0.158  0.191  0.236  0.239  0.288  0.267  0.308  0.278  0.277  0.304  0.264  0.285  0.237  0.233  0.188  0.156  0.000  0.000  0.000
24  5  0.000  0.095  0.143  0.193  0.235  0.248  0.299  0.289  0.334  0.309  0.342  0.341  0.307  0.332  0.287  0.297  0.246  0.233  0.191  0.142  0.095  0.000
24  6  0.000  0.131  0.177  0.233  0.247  0.309  0.300  0.355  0.331  0.368  0.339  0.338  0.367  0.329  0.353  0.298  0.308  0.246  0.232  0.176  0.130  0.000
24  7  0.108  0.157  0.220  0.238  0.300  0.301  0.360  0.346  0.384  0.362  0.394  0.394  0.361  0.383  0.345  0.359  0.300  0.299  0.237  0.219  0.157  0.106
24  8  0.119  0.177  0.234  0.289  0.293  0.360  0.349  0.391  0.406  0.407  0.411  0.411  0.407  0.406  0.390  0.348  0.359  0.293  0.288  0.234  0.177  0.118
24  9  0.129  0.192  0.251  0.272  0.341  0.339  0.389  0.408  0.386  0.419  0.388  0.388  0.419  0.385  0.408  0.388  0.339  0.341  0.272  0.251  0.192  0.130
24  10  0.134  0.199  0.236  0.314  0.320  0.381  0.370  0.413  0.424  0.395  0.422  0.422  0.394  0.424  0.413  0.370  0.381  0.320  0.315  0.237  0.200  0.134
24  11  0.134  0.204  0.263  0.287  0.358  0.356  0.408  0.421  0.397  0.426  0.414  0.414  0.426  0.397  0.421  0.407  0.356  0.359  0.287  0.263  0.204  0.134
24  12  0.134  0.203  0.262  0.287  0.359  0.356  0.408  0.422  0.397  0.427  0.415  0.415  0.426  0.397  0.421  0.408  0.356  0.359  0.287  0.263  0.203  0.134
24  13  0.133  0.199  0.236  0.314  0.321  0.381  0.371  0.414  0.425  0.396  0.423  0.423  0.396  0.425  0.414  0.371  0.381  0.321  0.315  0.237  0.200  0.134
24  14  0.129  0.191  0.251  0.272  0.342  0.340  0.390  0.410  0.388  0.421  0.390  0.389  0.421  0.387  0.410  0.390  0.340  0.342  0.273  0.252  0.193  0.132
24  15  0.118  0.177  0.235  0.289  0.294  0.361  0.350  0.393  0.409  0.410  0.414  0.414  0.409  0.409  0.393  0.350  0.361  0.295  0.290  0.236  0.178  0.120
24  16  0.106  0.156  0.219  0.238  0.300  0.303  0.362  0.348  0.386  0.364  0.398  0.398  0.364  0.387  0.348  0.362  0.303  0.301  0.239  0.221  0.158  0.108
24  17  0.000  0.130  0.176  0.233  0.247  0.310  0.302  0.357  0.333  0.371  0.342  0.343  0.372  0.333  0.357  0.302  0.311  0.248  0.234  0.178  0.132  0.000
24  18  0.000  0.094  0.142  0.192  0.235  0.249  0.300  0.291  0.337  0.312  0.346  0.347  0.313  0.338  0.292  0.301  0.249  0.236  0.194  0.143  0.096  0.000
24  19  0.000  0.000  0.000  0.157  0.190  0.236  0.241  0.290  0.270  0.311  0.283  0.283  0.313  0.271  0.290  0.241  0.237  0.191  0.159  0.000  0.000  0.000
24  20  0.000  0.000  0.000  0.000  0.146  0.182  0.221  0.238  0.253  0.237  0.265  0.265  0.238  0.253  0.238  0.222  0.182  0.148  0.000  0.000  0.000  0.000
24  21  0.000  0.000  0.000  0.000  0.096  0.134  0.161  0.182  0.195  0.200  0.209  0.209  0.201  0.195  0.181  0.161  0.133  0.097  0.000  0.000  0.000  0.000
24  22  0.000  0.000  0.000  0.000  0.000  0.000  0.109  0.121  0.131  0.135  0.137  0.137  0.137  0.131  0.119  0.107  0.000  0.000  0.000  0.000  0.000  0.000


        1      2      3      4      5      6      7      8      9      10     11     12     13     14     15     16     17     18     19      20     21    22
23  1  0.000  0.000  0.000  0.000  0.000  0.000  0.243  0.262  0.296  0.277  0.287  0.289  0.310  0.266  0.260  0.240  0.000  0.000  0.000  0.000  0.000  0.000
23  2  0.000  0.000  0.000  0.000  0.225  0.293  0.431  0.461  0.486  0.520  0.473  0.474  0.519  0.482  0.456  0.427  0.294  0.210  0.000  0.000  0.000  0.000
23  3  0.000  0.000  0.000  0.000  0.327  0.481  0.532  0.600  0.612  0.662  0.642  0.640  0.656  0.606  0.594  0.527  0.474  0.298  0.000  0.000  0.000  0.000
23  4  0.000  0.000  0.000  0.361  0.504  0.581  0.679  0.636  0.748  0.655  0.768  0.764  0.618  0.740  0.630  0.673  0.574  0.497  0.351  0.000  0.000  0.000
23  5  0.000  0.211  0.326  0.442  0.606  0.698  0.733  0.801  0.738  0.849  0.770  0.766  0.842  0.732  0.795  0.729  0.693  0.601  0.439  0.324  0.210  0.000
23  6  0.000  0.294  0.475  0.548  0.695  0.655  0.827  0.754  0.878  0.859  0.913  0.911  0.856  0.873  0.750  0.823  0.652  0.691  0.546  0.472  0.301  0.000
23  7  0.246  0.434  0.495  0.673  0.735  0.832  0.803  0.939  0.907  0.975  0.895  0.895  0.973  0.904  0.936  0.800  0.829  0.733  0.672  0.494  0.432  0.232
23  8  0.261  0.481  0.585  0.623  0.812  0.768  0.948  0.929  0.868  0.923  0.924  0.923  0.923  0.867  0.928  0.946  0.766  0.811  0.623  0.584  0.480  0.253
23  9  0.287  0.484  0.615  0.760  0.780  0.904  0.918  0.872  1.042  0.996  1.039  1.039  0.995  1.041  0.871  0.917  0.902  0.780  0.760  0.615  0.485  0.288
23  10  0.277  0.507  0.668  0.671  0.881  0.893  1.005  0.957  0.998  1.064  0.892  0.892  1.064  0.997  0.956  1.004  0.892  0.881  0.679  0.669  0.508  0.294
23  11  0.290  0.458  0.634  0.793  0.812  0.967  0.930  0.950  1.067  0.887  0.933  0.933  0.888  1.066  0.949  0.930  0.967  0.813  0.794  0.635  0.458  0.282
23  12  0.287  0.436  0.634  0.793  0.814  0.968  0.932  0.952  1.068  0.890  0.935  0.934  0.889  1.067  0.950  0.931  0.967  0.813  0.795  0.635  0.437  0.278
23  13  0.293  0.506  0.667  0.671  0.882  0.894  1.007  0.960  1.001  1.067  0.896  0.895  1.067  1.000  0.959  1.007  0.894  0.883  0.680  0.670  0.508  0.301
23  14  0.267  0.484  0.615  0.761  0.782  0.906  0.921  0.876  1.046  1.000  1.044  1.044  1.000  1.046  0.876  0.921  0.906  0.782  0.763  0.618  0.488  0.291
23  15  0.267  0.480  0.584  0.625  0.814  0.771  0.952  0.934  0.874  0.930  0.930  0.929  0.928  0.874  0.934  0.952  0.770  0.815  0.626  0.587  0.485  0.275
23  16  0.232  0.431  0.495  0.674  0.737  0.835  0.807  0.944  0.912  0.982  0.903  0.902  0.982  0.912  0.944  0.807  0.836  0.738  0.677  0.497  0.436  0.236
23  17  0.000  0.280  0.472  0.548  0.696  0.659  0.831  0.760  0.885  0.867  0.922  0.923  0.868  0.886  0.759  0.832  0.659  0.698  0.551  0.478  0.301  0.000
23  18  0.000  0.216  0.325  0.442  0.606  0.700  0.738  0.807  0.745  0.858  0.779  0.779  0.860  0.746  0.808  0.739  0.702  0.608  0.443  0.328  0.217  0.000
23  19  0.000  0.000  0.000  0.353  0.502  0.582  0.682  0.641  0.755  0.661  0.781  0.782  0.673  0.758  0.642  0.684  0.584  0.506  0.357  0.000  0.000  0.000
23  20  0.000  0.000  0.000  0.000  0.304  0.480  0.535  0.605  0.619  0.672  0.654  0.655  0.674  0.620  0.606  0.535  0.483  0.327  0.000  0.000  0.000  0.000
23  21  0.000  0.000  0.000  0.000  0.217  0.296  0.434  0.466  0.493  0.529  0.482  0.483  0.531  0.493  0.465  0.432  0.291  0.223  0.000  0.000  0.000  0.000
23  22  0.000  0.000  0.000  0.000  0.000  0.000  0.243  0.266  0.295  0.295  0.294  0.294  0.305  0.291  0.260  0.228  0.000  0.000  0.000  0.000  0.000  0.000


        1      2      3      4      5      6      7      8      9      10     11     12     13     14     15     16     17     18     19      20     21    22
22  1  0.000  0.000  0.000  0.000  0.000  0.000  0.289  0.310  0.347  0.324  0.335  0.338  0.361  0.314  0.308  0.286  0.000  0.000  0.000  0.000  0.000  0.000
22  2  0.000  0.000  0.000  0.000  0.267  0.348  0.520  0.553  0.579  0.616  0.550  0.551  0.615  0.574  0.547  0.514  0.347  0.248  0.000  0.000  0.000  0.000
22  3  0.000  0.000  0.000  0.000  0.384  0.575  0.627  0.711  0.722  0.787  0.749  0.746  0.779  0.715  0.704  0.620  0.566  0.351  0.000  0.000  0.000  0.000
22  4  0.000  0.000  0.000  0.422  0.600  0.679  0.810  0.735  0.882  0.741  0.897  0.892  0.700  0.872  0.729  0.802  0.671  0.591  0.411  0.000  0.000  0.000
22  5  0.000  0.251  0.381  0.514  0.714  0.829  0.849  0.939  0.844  0.988  0.859  0.855  0.981  0.837  0.932  0.844  0.822  0.708  0.512  0.379  0.248  0.000
22  6  0.000  0.347  0.566  0.640  0.824  0.756  0.967  0.856  1.023  0.981  1.034  1.033  0.978  1.018  0.851  0.962  0.752  0.820  0.637  0.563  0.354  0.000
22  7  0.292  0.522  0.577  0.802  0.851  0.974  0.904  1.077  1.016  1.107  1.018  1.018  1.105  1.013  1.073  0.900  0.971  0.849  0.800  0.576  0.520  0.276
22  8  0.310  0.578  0.700  0.719  0.955  0.875  1.092  1.055  0.969  1.029  1.054  1.054  1.028  0.968  1.053  1.090  0.873  0.953  0.719  0.699  0.577  0.300
22  9  0.338  0.582  0.727  0.900  0.892  1.062  1.058  0.997  1.212  1.142  1.207  1.207  1.141  1.211  0.995  1.056  1.060  0.892  0.899  0.727  0.583  0.340
22  10  0.323  0.600  0.796  0.771  1.035  1.032  1.178  1.100  1.151  1.239  1.025  1.024  1.238  1.150  1.099  1.177  1.030  1.035  0.773  0.797  0.601  0.345
22  11  0.338  0.531  0.742  0.933  0.932  1.133  1.071  1.094  1.245  1.014  1.068  1.068  1.015  1.244  1.092  1.070  1.132  0.933  0.934  0.743  0.531  0.327
22  12  0.334  0.506  0.742  0.933  0.934  1.134  1.072  1.096  1.246  1.017  1.071  1.070  1.016  1.245  1.093  1.071  1.133  0.933  0.935  0.743  0.507  0.322
22  13  0.343  0.598  0.796  0.771  1.036  1.033  1.181  1.103  1.154  1.243  1.029  1.027  1.242  1.152  1.102  1.180  1.033  1.037  0.775  0.798  0.601  0.352
22  14  0.316  0.581  0.727  0.900  0.895  1.065  1.061  1.001  1.217  1.147  1.213  1.212  1.147  1.216  1.000  1.061  1.065  0.895  0.902  0.730  0.587  0.343
22  15  0.316  0.576  0.700  0.722  0.957  0.880  1.096  1.061  0.975  1.036  1.061  1.061  1.035  0.975  1.061  1.096  0.878  0.958  0.722  0.703  0.583  0.325
22  16  0.276  0.519  0.576  0.803  0.853  0.978  0.908  1.082  1.023  1.115  1.028  1.026  1.115  1.023  1.083  0.908  0.979  0.855  0.806  0.579  0.525  0.282
22  17  0.000  0.328  0.562  0.640  0.826  0.760  0.972  0.863  1.031  0.991  1.046  1.046  0.992  1.032  0.862  0.973  0.760  0.828  0.643  0.570  0.354  0.000
22  18  0.000  0.255  0.380  0.514  0.714  0.831  0.854  0.946  0.851  0.998  0.869  0.870  1.001  0.853  0.947  0.856  0.834  0.716  0.516  0.384  0.256  0.000
22  19  0.000  0.000  0.000  0.413  0.596  0.680  0.814  0.741  0.891  0.749  0.912  0.914  0.762  0.894  0.742  0.815  0.682  0.602  0.418  0.000  0.000  0.000
22  20  0.000  0.000  0.000  0.000  0.356  0.574  0.630  0.717  0.731  0.798  0.763  0.764  0.801  0.732  0.718  0.630  0.577  0.384  0.000  0.000  0.000  0.000
22  21  0.000  0.000  0.000  0.000  0.257  0.350  0.522  0.559  0.587  0.627  0.561  0.561  0.629  0.587  0.557  0.521  0.347  0.264  0.000  0.000  0.000  0.000
22  22  0.000  0.000  0.000  0.000  0.000  0.000  0.288  0.315  0.348  0.344  0.343  0.344  0.357  0.343  0.309  0.272  0.000  0.000  0.000  0.000  0.000  0.000


        1      2      3      4      5      6      7      8      9      10     11     12     13     14     15     16     17     18     19      20     21    22
21  1  0.000  0.000  0.000  0.000  0.000  0.000  0.319  0.342  0.380  0.356  0.369  0.371  0.394  0.346  0.339  0.316  0.000  0.000  0.000  0.000  0.000  0.000
21  2  0.000  0.000  0.000  0.000  0.293  0.384  0.580  0.618  0.643  0.669  0.594  0.595  0.667  0.637  0.612  0.574  0.383  0.274  0.000  0.000  0.000  0.000
21  3  0.000  0.000  0.000  0.000  0.421  0.636  0.685  0.779  0.790  0.773  0.807  0.804  0.766  0.782  0.772  0.678  0.626  0.385  0.000  0.000  0.000  0.000
21  4  0.000  0.000  0.000  0.460  0.660  0.733  0.800  0.789  0.857  0.775  0.863  0.859  0.739  0.848  0.782  0.792  0.725  0.650  0.450  0.000  0.000  0.000
21  5  0.000  0.277  0.416  0.557  0.772  0.817  0.904  0.914  0.891  0.958  0.898  0.894  0.950  0.885  0.906  0.898  0.810  0.766  0.555  0.415  0.274  0.000
21  6  0.000  0.382  0.619  0.691  0.811  0.805  0.951  0.900  1.013  1.037  0.997  0.996  1.033  1.007  0.895  0.945  0.801  0.807  0.689  0.621  0.389  0.000
21  7  0.323  0.581  0.627  0.793  0.907  0.959  0.938  1.032  1.048  1.057  1.078  1.077  1.055  1.045  1.028  0.933  0.956  0.904  0.791  0.626  0.578  0.306
21  8  0.344  0.642  0.774  0.770  0.934  0.925  1.055  1.103  1.000  1.062  1.121  1.120  1.061  0.999  1.100  1.052  0.923  0.932  0.769  0.773  0.640  0.333
21  9  0.372  0.648  0.797  0.882  0.946  1.066  1.129  1.060  1.195  1.202  1.195  1.194  1.201  1.194  1.058  1.127  1.064  0.945  0.881  0.797  0.649  0.375
21  10  0.355  0.658  0.789  0.820  1.021  1.104  1.181  1.175  1.221  1.226  1.092  1.091  1.226  1.219  1.173  1.179  1.102  1.020  0.818  0.789  0.660  0.379
21  11  0.370  0.577  0.810  0.913  0.992  1.127  1.148  1.174  1.245  1.084  1.142  1.142  1.083  1.244  1.172  1.147  1.126  0.992  0.914  0.810  0.577  0.357
21  12  0.366  0.553  0.809  0.913  0.994  1.128  1.150  1.176  1.247  1.085  1.145  1.144  1.086  1.245  1.173  1.149  1.127  0.992  0.914  0.810  0.554  0.351
21  13  0.377  0.657  0.788  0.820  1.022  1.106  1.183  1.178  1.224  1.230  1.096  1.094  1.229  1.223  1.177  1.183  1.105  1.022  0.820  0.790  0.660  0.386
21  14  0.348  0.647  0.798  0.883  0.949  1.069  1.133  1.065  1.200  1.207  1.201  1.201  1.207  1.200  1.064  1.133  1.069  0.948  0.884  0.801  0.652  0.379
21  15  0.350  0.640  0.773  0.773  0.937  0.930  1.060  1.108  1.007  1.070  1.128  1.128  1.069  1.007  1.109  1.059  0.929  0.938  0.773  0.777  0.646  0.359
21  16  0.305  0.576  0.625  0.793  0.909  0.963  0.942  1.038  1.055  1.066  1.088  1.086  1.066  1.055  1.038  0.942  0.964  0.911  0.796  0.628  0.583  0.311
21  17  0.000  0.360  0.621  0.691  0.813  0.810  0.956  0.907  1.021  1.047  1.010  1.011  1.047  1.022  0.906  0.957  0.810  0.816  0.695  0.622  0.388  0.000
21  18  0.000  0.280  0.416  0.558  0.772  0.819  0.909  0.921  0.900  0.969  0.909  0.910  0.972  0.901  0.922  0.911  0.822  0.775  0.559  0.419  0.280  0.000
21  19  0.000  0.000  0.000  0.452  0.656  0.734  0.804  0.795  0.867  0.786  0.879  0.880  0.798  0.869  0.796  0.806  0.736  0.662  0.458  0.000  0.000  0.000
21  20  0.000  0.000  0.000  0.000  0.390  0.634  0.689  0.786  0.799  0.785  0.821  0.822  0.788  0.799  0.786  0.689  0.638  0.421  0.000  0.000  0.000  0.000
21  21  0.000  0.000  0.000  0.000  0.281  0.384  0.582  0.625  0.652  0.680  0.606  0.606  0.682  0.652  0.623  0.581  0.384  0.291  0.000  0.000  0.000  0.000
21  22  0.000  0.000  0.000  0.000  0.000  0.000  0.317  0.348  0.384  0.377  0.377  0.377  0.391  0.377  0.343  0.299  0.000  0.000  0.000  0.000  0.000  0.000


        1      2      3      4      5      6      7      8      9      10     11     12     13     14     15     16     17     18     19      20     21    22
20  1  0.000  0.000  0.000  0.000  0.000  0.000  0.332  0.360  0.395  0.374  0.384  0.385  0.408  0.361  0.354  0.329  0.000  0.000  0.000  0.000  0.000  0.000
20  2  0.000  0.000  0.000  0.000  0.303  0.401  0.622  0.663  0.690  0.714  0.620  0.621  0.713  0.685  0.656  0.615  0.399  0.285  0.000  0.000  0.000  0.000
20  3  0.000  0.000  0.000  0.000  0.436  0.679  0.723  0.831  0.842  0.827  0.851  0.849  0.821  0.835  0.824  0.717  0.670  0.401  0.000  0.000  0.000  0.000
20  4  0.000  0.000  0.000  0.475  0.701  0.773  0.860  0.828  0.917  0.801  0.915  0.911  0.775  0.908  0.821  0.852  0.765  0.692  0.467  0.000  0.000  0.000
20  5  0.000  0.287  0.432  0.583  0.822  0.878  0.956  0.976  0.929  1.015  0.927  0.922  1.008  0.923  0.968  0.949  0.871  0.816  0.582  0.431  0.285  0.000
20  6  0.000  0.400  0.662  0.732  0.872  0.845  1.013  0.932  1.072  1.081  1.048  1.046  1.077  1.067  0.927  1.007  0.841  0.868  0.730  0.662  0.406  0.000
20  7  0.336  0.623  0.659  0.854  0.960  1.024  0.959  1.057  1.086  1.109  1.114  1.113  1.107  1.083  1.053  0.955  1.020  0.957  0.852  0.659  0.621  0.322
20  8  0.363  0.692  0.831  0.810  1.002  0.963  1.087  1.121  1.025  1.090  1.158  1.157  1.089  1.023  1.118  1.084  0.961  1.000  0.810  0.829  0.690  0.353
20  9  0.389  0.696  0.854  0.950  0.991  1.140  1.184  1.098  1.200  1.198  1.254  1.253  1.198  1.198  1.096  1.183  1.138  0.990  0.949  0.854  0.697  0.392
20  10  0.373  0.702  0.852  0.857  1.096  1.165  1.260  1.222  1.224  1.233  1.127  1.126  1.232  1.223  1.220  1.258  1.164  1.094  0.854  0.852  0.704  0.394
20  11  0.385  0.607  0.866  0.982  1.040  1.206  1.201  1.223  1.315  1.137  1.183  1.183  1.136  1.313  1.221  1.200  1.205  1.040  0.982  0.866  0.607  0.373
20  12  0.381  0.589  0.866  0.982  1.042  1.207  1.203  1.225  1.316  1.139  1.185  1.185  1.139  1.315  1.222  1.202  1.207  1.040  0.983  0.866  0.590  0.368
20  13  0.393  0.701  0.851  0.857  1.097  1.167  1.263  1.225  1.227  1.237  1.132  1.130  1.236  1.226  1.224  1.262  1.167  1.097  0.856  0.854  0.705  0.403
20  14  0.365  0.695  0.855  0.951  0.995  1.143  1.189  1.103  1.205  1.204  1.260  1.260  1.204  1.204  1.102  1.188  1.143  0.993  0.952  0.858  0.701  0.395
20  15  0.367  0.689  0.830  0.814  1.005  0.968  1.091  1.126  1.031  1.097  1.165  1.165  1.096  1.031  1.127  1.091  0.967  1.006  0.814  0.833  0.696  0.375
20  16  0.318  0.619  0.658  0.855  0.962  1.028  0.964  1.063  1.093  1.118  1.125  1.122  1.118  1.094  1.063  0.964  1.029  0.965  0.857  0.661  0.626  0.324
20  17  0.000  0.377  0.662  0.733  0.874  0.850  1.018  0.940  1.082  1.091  1.061  1.061  1.092  1.082  0.939  1.019  0.850  0.877  0.736  0.665  0.404  0.000
20  18  0.000  0.290  0.432  0.584  0.822  0.881  0.961  0.983  0.938  1.027  0.938  0.939  1.029  0.939  0.984  0.962  0.883  0.825  0.584  0.435  0.289  0.000
20  19  0.000  0.000  0.000  0.470  0.698  0.775  0.864  0.834  0.927  0.813  0.931  0.932  0.823  0.929  0.834  0.866  0.776  0.703  0.475  0.000  0.000  0.000
20  20  0.000  0.000  0.000  0.000  0.409  0.678  0.727  0.838  0.851  0.840  0.866  0.867  0.842  0.851  0.838  0.727  0.682  0.436  0.000  0.000  0.000  0.000
20  21  0.000  0.000  0.000  0.000  0.291  0.400  0.624  0.669  0.700  0.726  0.631  0.632  0.727  0.699  0.667  0.623  0.401  0.301  0.000  0.000  0.000  0.000
20  22  0.000  0.000  0.000  0.000  0.000  0.000  0.332  0.364  0.400  0.397  0.392  0.392  0.405  0.392  0.360  0.312  0.000  0.000  0.000  0.000  0.000  0.000


        1      2      3      4      5      6      7      8      9      10     11     12     13     14     15     16     17     18     19      20     21    22
19  1  0.000  0.000  0.000  0.000  0.000  0.000  0.341  0.371  0.406  0.388  0.394  0.396  0.418  0.377  0.365  0.338  0.000  0.000  0.000  0.000  0.000  0.000
19  2  0.000  0.000  0.000  0.000  0.308  0.414  0.651  0.699  0.724  0.747  0.638  0.639  0.746  0.718  0.693  0.644  0.410  0.292  0.000  0.000  0.000  0.000
19  3  0.000  0.000  0.000  0.000  0.446  0.710  0.750  0.868  0.879  0.871  0.884  0.882  0.866  0.873  0.861  0.744  0.701  0.418  0.000  0.000  0.000  0.000
19  4  0.000  0.000  0.000  0.485  0.729  0.802  0.908  0.858  0.965  0.825  0.956  0.952  0.807  0.957  0.851  0.900  0.795  0.722  0.483  0.000  0.000  0.000
19  5  0.000  0.293  0.444  0.603  0.858  0.927  0.995  1.026  0.960  1.059  0.932  0.928  1.052  0.954  1.018  0.989  0.921  0.853  0.602  0.443  0.292  0.000
19  6  0.000  0.415  0.694  0.768  0.922  0.883  1.062  0.959  1.117  1.111  1.063  1.062  1.107  1.112  0.954  1.056  0.879  0.918  0.766  0.693  0.420  0.000
19  7  0.344  0.653  0.686  0.904  1.001  1.075  0.987  1.090  1.113  1.147  1.131  1.130  1.144  1.110  1.086  0.983  1.071  0.999  0.902  0.685  0.651  0.334
19  8  0.376  0.726  0.873  0.845  1.057  0.992  1.123  1.141  1.040  1.105  1.173  1.172  1.103  1.038  1.138  1.121  0.990  1.055  0.844  0.871  0.724  0.367
19  9  0.401  0.732  0.897  1.005  1.026  1.193  1.218  1.126  1.218  1.206  1.283  1.283  1.205  1.216  1.125  1.216  1.191  1.025  1.003  0.896  0.733  0.404
19  10  0.387  0.736  0.903  0.886  1.152  1.205  1.309  1.242  1.234  1.250  1.141  1.140  1.250  1.233  1.240  1.308  1.203  1.150  0.884  0.903  0.737  0.406
19  11  0.397  0.631  0.909  1.036  1.074  1.260  1.229  1.244  1.351  1.159  1.196  1.195  1.158  1.350  1.242  1.228  1.259  1.074  1.037  0.909  0.632  0.389
19  12  0.393  0.619  0.908  1.036  1.076  1.261  1.230  1.246  1.352  1.160  1.198  1.198  1.162  1.351  1.243  1.229  1.260  1.074  1.037  0.910  0.621  0.385
19  13  0.404  0.735  0.902  0.886  1.153  1.207  1.312  1.245  1.237  1.254  1.146  1.144  1.253  1.236  1.244  1.312  1.207  1.153  0.885  0.904  0.738  0.415
19  14  0.383  0.731  0.897  1.006  1.029  1.196  1.222  1.131  1.222  1.210  1.290  1.289  1.211  1.222  1.131  1.222  1.196  1.028  1.007  0.900  0.737  0.407
19  15  0.378  0.723  0.872  0.848  1.059  0.997  1.128  1.146  1.046  1.112  1.180  1.180  1.111  1.046  1.147  1.128  0.996  1.060  0.848  0.875  0.730  0.387
19  16  0.328  0.648  0.683  0.905  1.003  1.078  0.991  1.096  1.120  1.155  1.141  1.139  1.155  1.120  1.096  0.991  1.080  1.005  0.908  0.687  0.655  0.333
19  17  0.000  0.394  0.691  0.768  0.924  0.887  1.067  0.966  1.126  1.120  1.077  1.077  1.121  1.126  0.965  1.068  0.887  0.927  0.771  0.697  0.416  0.000
19  18  0.000  0.296  0.444  0.604  0.859  0.930  0.999  1.033  0.968  1.070  0.943  0.943  1.071  0.969  1.034  1.001  0.932  0.862  0.604  0.446  0.294  0.000
19  19  0.000  0.000  0.000  0.484  0.727  0.804  0.913  0.864  0.975  0.836  0.971  0.972  0.840  0.976  0.864  0.914  0.805  0.732  0.489  0.000  0.000  0.000
19  20  0.000  0.000  0.000  0.000  0.422  0.708  0.754  0.874  0.888  0.884  0.897  0.898  0.884  0.888  0.874  0.754  0.712  0.447  0.000  0.000  0.000  0.000
19  21  0.000  0.000  0.000  0.000  0.297  0.411  0.653  0.705  0.733  0.759  0.649  0.649  0.759  0.732  0.703  0.651  0.413  0.307  0.000  0.000  0.000  0.000
19  22  0.000  0.000  0.000  0.000  0.000  0.000  0.341  0.374  0.411  0.412  0.401  0.402  0.413  0.402  0.372  0.324  0.000  0.000  0.000  0.000  0.000  0.000


        1      2      3      4      5      6      7      8      9      10     11     12     13     14     15     16     17     18     19      20     21    22
18  1  0.000  0.000  0.000  0.000  0.000  0.000  0.351  0.382  0.417  0.404  0.406  0.407  0.428  0.391  0.377  0.347  0.000  0.000  0.000  0.000  0.000  0.000
18  2  0.000  0.000  0.000  0.000  0.314  0.430  0.674  0.727  0.750  0.773  0.655  0.656  0.772  0.745  0.721  0.668  0.423  0.300  0.000  0.000  0.000  0.000
18  3  0.000  0.000  0.000  0.000  0.458  0.734  0.773  0.895  0.907  0.902  0.908  0.906  0.897  0.901  0.889  0.767  0.726  0.434  0.000  0.000  0.000  0.000
18  4  0.000  0.000  0.000  0.497  0.752  0.824  0.942  0.884  0.998  0.848  0.983  0.980  0.830  0.990  0.877  0.935  0.818  0.746  0.497  0.000  0.000  0.000
18  5  0.000  0.301  0.457  0.622  0.885  0.961  1.022  1.058  0.984  1.086  0.942  0.939  1.079  0.978  1.052  1.016  0.956  0.881  0.621  0.457  0.300  0.000
18  6  0.000  0.430  0.720  0.797  0.958  0.919  1.095  0.982  1.143  1.127  1.074  1.072  1.123  1.138  0.977  1.089  0.915  0.954  0.795  0.718  0.437  0.000
18  7  0.353  0.677  0.715  0.942  1.030  1.108  1.010  1.114  1.127  1.161  1.135  1.134  1.159  1.124  1.111  1.006  1.105  1.027  0.940  0.714  0.676  0.345
18  8  0.391  0.753  0.904  0.875  1.092  1.015  1.148  1.154  1.050  1.115  1.174  1.173  1.113  1.049  1.152  1.145  1.013  1.090  0.874  0.903  0.751  0.381
18  9  0.415  0.762  0.927  1.041  1.055  1.221  1.232  1.136  1.226  1.208  1.287  1.286  1.207  1.225  1.135  1.230  1.219  1.054  1.039  0.927  0.762  0.418
18  10  0.404  0.763  0.938  0.906  1.184  1.224  1.325  1.243  1.236  1.254  1.142  1.141  1.254  1.235  1.241  1.324  1.222  1.182  0.904  0.938  0.765  0.419
18  11  0.410  0.657  0.940  1.070  1.094  1.283  1.234  1.243  1.355  1.164  1.193  1.192  1.163  1.354  1.241  1.233  1.282  1.095  1.071  0.940  0.658  0.407
18  12  0.407  0.644  0.940  1.070  1.096  1.283  1.235  1.245  1.356  1.165  1.194  1.194  1.166  1.355  1.242  1.235  1.283  1.095  1.071  0.941  0.646  0.404
18  13  0.417  0.763  0.937  0.906  1.184  1.225  1.328  1.245  1.239  1.258  1.146  1.145  1.257  1.238  1.245  1.327  1.225  1.185  0.906  0.940  0.766  0.429
18  14  0.402  0.761  0.928  1.042  1.058  1.224  1.235  1.141  1.230  1.212  1.292  1.292  1.213  1.230  1.141  1.236  1.224  1.057  1.043  0.930  0.766  0.420
18  15  0.391  0.750  0.904  0.877  1.094  1.019  1.151  1.158  1.056  1.121  1.180  1.180  1.120  1.055  1.159  1.152  1.018  1.095  0.878  0.907  0.757  0.399
18  16  0.339  0.673  0.711  0.941  1.031  1.112  1.014  1.120  1.133  1.169  1.144  1.141  1.169  1.133  1.120  1.014  1.113  1.034  0.945  0.715  0.679  0.344
18  17  0.000  0.412  0.716  0.796  0.959  0.923  1.100  0.988  1.151  1.135  1.086  1.086  1.135  1.151  0.987  1.100  0.924  0.962  0.800  0.723  0.429  0.000
18  18  0.000  0.306  0.457  0.622  0.886  0.964  1.026  1.065  0.991  1.095  0.952  0.951  1.096  0.991  1.065  1.027  0.966  0.889  0.623  0.460  0.301  0.000
18  19  0.000  0.000  0.000  0.499  0.751  0.826  0.946  0.889  1.006  0.859  0.996  0.996  0.853  1.006  0.888  0.947  0.827  0.755  0.503  0.000  0.000  0.000
18  20  0.000  0.000  0.000  0.000  0.439  0.733  0.777  0.901  0.914  0.913  0.920  0.919  0.912  0.913  0.900  0.776  0.736  0.458  0.000  0.000  0.000  0.000
18  21  0.000  0.000  0.000  0.000  0.304  0.423  0.676  0.732  0.758  0.783  0.665  0.664  0.782  0.756  0.731  0.675  0.425  0.315  0.000  0.000  0.000  0.000
18  22  0.000  0.000  0.000  0.000  0.000  0.000  0.349  0.385  0.421  0.425  0.412  0.412  0.423  0.414  0.387  0.336  0.000  0.000  0.000  0.000  0.000  0.000


        1      2      3      4      5      6      7      8      9      10     11     12     13     14     15     16     17     18     19      20     21    22
17  1  0.000  0.000  0.000  0.000  0.000  0.000  0.357  0.391  0.427  0.418  0.415  0.415  0.435  0.402  0.386  0.354  0.000  0.000  0.000  0.000  0.000  0.000
17  2  0.000  0.000  0.000  0.000  0.317  0.441  0.698  0.756  0.780  0.802  0.674  0.674  0.800  0.775  0.750  0.692  0.432  0.306  0.000  0.000  0.000  0.000
17  3  0.000  0.000  0.000  0.000  0.466  0.759  0.798  0.927  0.940  0.942  0.940  0.938  0.937  0.934  0.921  0.792  0.752  0.447  0.000  0.000  0.000  0.000
17  4  0.000  0.000  0.000  0.506  0.777  0.850  0.984  0.913  1.040  0.876  1.021  1.018  0.858  1.033  0.907  0.977  0.844  0.772  0.509  0.000  0.000  0.000
17  5  0.000  0.306  0.472  0.641  0.917  1.005  1.056  1.101  1.015  1.123  0.964  0.960  1.117  1.009  1.095  1.051  0.999  0.913  0.640  0.472  0.307  0.000
17  6  0.000  0.442  0.747  0.829  1.002  0.958  1.137  1.010  1.180  1.151  1.098  1.097  1.147  1.176  1.006  1.133  0.954  0.999  0.827  0.745  0.450  0.000
17  7  0.360  0.702  0.741  0.986  1.065  1.151  1.040  1.148  1.147  1.183  1.128  1.127  1.181  1.145  1.144  1.037  1.148  1.063  0.985  0.741  0.701  0.355
17  8  0.402  0.781  0.940  0.918  1.135  1.042  1.179  1.172  1.063  1.122  1.162  1.161  1.120  1.062  1.170  1.177  1.041  1.134  0.917  0.939  0.780  0.393
17  9  0.425  0.794  0.962  1.084  1.084  1.255  1.241  1.136  1.239  1.214  1.294  1.294  1.213  1.238  1.135  1.239  1.254  1.083  1.083  0.962  0.793  0.428
17  10  0.416  0.797  0.980  0.930  1.221  1.245  1.331  1.233  1.237  1.260  1.142  1.141  1.260  1.236  1.232  1.330  1.244  1.220  0.928  0.981  0.798  0.429
17  11  0.420  0.682  0.977  1.110  1.118  1.308  1.225  1.223  1.349  1.160  1.186  1.185  1.161  1.348  1.222  1.224  1.307  1.118  1.111  0.978  0.683  0.419
17  12  0.422  0.669  0.976  1.111  1.120  1.308  1.225  1.225  1.350  1.162  1.188  1.188  1.162  1.349  1.223  1.226  1.308  1.119  1.112  0.978  0.671  0.417
17  13  0.427  0.797  0.979  0.930  1.222  1.246  1.333  1.235  1.239  1.263  1.145  1.144  1.263  1.239  1.235  1.333  1.247  1.222  0.930  0.982  0.800  0.440
17  14  0.416  0.792  0.962  1.085  1.087  1.257  1.243  1.140  1.243  1.217  1.299  1.299  1.218  1.243  1.140  1.244  1.258  1.086  1.086  0.965  0.797  0.430
17  15  0.400  0.778  0.939  0.919  1.137  1.045  1.182  1.176  1.068  1.127  1.167  1.167  1.127  1.067  1.177  1.183  1.045  1.139  0.920  0.943  0.784  0.409
17  16  0.349  0.698  0.737  0.986  1.066  1.154  1.043  1.152  1.152  1.189  1.136  1.134  1.189  1.152  1.152  1.044  1.155  1.069  0.989  0.741  0.703  0.353
17  17  0.000  0.423  0.742  0.828  1.003  0.960  1.141  1.015  1.187  1.158  1.109  1.109  1.157  1.187  1.015  1.142  0.961  1.006  0.832  0.749  0.439  0.000
17  18  0.000  0.312  0.472  0.641  0.917  1.007  1.059  1.106  1.020  1.131  0.972  0.971  1.130  1.020  1.106  1.060  1.008  0.920  0.642  0.474  0.307  0.000
17  19  0.000  0.000  0.000  0.510  0.776  0.852  0.987  0.918  1.047  0.887  1.032  1.031  0.871  1.045  0.916  0.987  0.852  0.779  0.514  0.000  0.000  0.000
17  20  0.000  0.000  0.000  0.000  0.450  0.758  0.801  0.931  0.946  0.951  0.949  0.948  0.949  0.944  0.930  0.799  0.761  0.467  0.000  0.000  0.000  0.000
17  21  0.000  0.000  0.000  0.000  0.310  0.433  0.699  0.760  0.786  0.810  0.681  0.680  0.808  0.784  0.758  0.698  0.434  0.320  0.000  0.000  0.000  0.000
17  22  0.000  0.000  0.000  0.000  0.000  0.000  0.356  0.394  0.429  0.435  0.419  0.419  0.429  0.422  0.396  0.344  0.000  0.000  0.000  0.000  0.000  0.000


        1      2      3      4      5      6      7      8      9      10     11     12     13     14     15     16     17     18     19      20     21    22
16  1  0.000  0.000  0.000  0.000  0.000  0.000  0.391  0.433  0.479  0.462  0.457  0.458  0.483  0.449  0.426  0.388  0.000  0.000  0.000  0.000  0.000  0.000
16  2  0.000  0.000  0.000  0.000  0.343  0.484  0.752  0.823  0.856  0.872  0.742  0.741  0.870  0.851  0.817  0.746  0.474  0.336  0.000  0.000  0.000  0.000
16  3  0.000  0.000  0.000  0.000  0.511  0.822  0.879  1.014  1.035  1.042  1.032  1.030  1.037  1.029  1.008  0.874  0.816  0.501  0.000  0.000  0.000  0.000
16  4  0.000  0.000  0.000  0.559  0.846  0.935  1.088  1.009  1.152  0.981  1.131  1.128  0.966  1.145  1.003  1.082  0.930  0.842  0.561  0.000  0.000  0.000
16  5  0.000  0.336  0.517  0.718  1.009  1.114  1.166  1.220  1.125  1.239  1.061  1.058  1.233  1.119  1.214  1.161  1.110  1.005  0.717  0.517  0.338  0.000
16  6  0.000  0.484  0.813  0.922  1.113  1.068  1.260  1.117  1.295  1.259  1.200  1.199  1.256  1.290  1.113  1.256  1.064  1.109  0.920  0.813  0.499  0.000
16  7  0.393  0.762  0.825  1.093  1.177  1.274  1.149  1.261  1.248  1.283  1.188  1.187  1.281  1.246  1.258  1.146  1.271  1.175  1.092  0.826  0.763  0.392
16  8  0.441  0.851  1.034  1.028  1.258  1.150  1.291  1.270  1.151  1.204  1.214  1.214  1.203  1.149  1.268  1.288  1.148  1.256  1.026  1.033  0.851  0.432
16  9  0.466  0.872  1.061  1.201  1.192  1.369  1.340  1.221  1.329  1.300  1.384  1.384  1.299  1.328  1.220  1.338  1.367  1.191  1.199  1.060  0.872  0.469
16  10  0.464  0.872  1.084  1.035  1.343  1.357  1.425  1.308  1.316  1.342  1.224  1.223  1.342  1.315  1.307  1.424  1.356  1.342  1.032  1.084  0.873  0.470
16  11  0.462  0.764  1.075  1.227  1.226  1.420  1.284  1.267  1.370  1.204  1.260  1.260  1.208  1.369  1.267  1.283  1.420  1.226  1.228  1.077  0.765  0.467
16  12  0.465  0.753  1.075  1.227  1.227  1.420  1.284  1.269  1.371  1.209  1.262  1.262  1.206  1.370  1.267  1.285  1.421  1.227  1.229  1.077  0.757  0.467
16  13  0.467  0.871  1.083  1.034  1.343  1.358  1.427  1.310  1.318  1.345  1.226  1.225  1.344  1.318  1.310  1.427  1.359  1.344  1.034  1.086  0.875  0.484
16  14  0.463  0.870  1.060  1.201  1.194  1.371  1.341  1.223  1.332  1.303  1.388  1.388  1.303  1.332  1.224  1.342  1.371  1.194  1.202  1.063  0.876  0.471
16  15  0.437  0.849  1.032  1.027  1.258  1.152  1.293  1.273  1.155  1.209  1.219  1.219  1.208  1.154  1.274  1.293  1.153  1.260  1.030  1.036  0.854  0.448
16  16  0.389  0.758  0.825  1.092  1.177  1.276  1.151  1.265  1.252  1.289  1.195  1.193  1.288  1.252  1.265  1.152  1.278  1.180  1.096  0.826  0.764  0.393
16  17  0.000  0.471  0.809  0.920  1.112  1.069  1.263  1.121  1.300  1.265  1.209  1.209  1.264  1.299  1.121  1.264  1.071  1.115  0.924  0.815  0.483  0.000
16  18  0.000  0.338  0.516  0.717  1.008  1.116  1.168  1.225  1.129  1.246  1.068  1.067  1.243  1.128  1.223  1.169  1.117  1.011  0.720  0.518  0.336  0.000
16  19  0.000  0.000  0.000  0.561  0.845  0.937  1.091  1.013  1.158  0.990  1.139  1.137  0.970  1.154  1.011  1.090  0.936  0.848  0.565  0.000  0.000  0.000
16  20  0.000  0.000  0.000  0.000  0.504  0.821  0.882  1.017  1.040  1.050  1.039  1.037  1.045  1.036  1.015  0.880  0.823  0.512  0.000  0.000  0.000  0.000
16  21  0.000  0.000  0.000  0.000  0.339  0.478  0.753  0.826  0.861  0.878  0.748  0.746  0.875  0.858  0.824  0.751  0.478  0.346  0.000  0.000  0.000  0.000
16  22  0.000  0.000  0.000  0.000  0.000  0.000  0.393  0.430  0.468  0.485  0.461  0.460  0.467  0.460  0.434  0.382  0.000  0.000  0.000  0.000  0.000  0.000


        1      2      3      4      5      6      7      8      9      10     11     12     13     14     15     16     17     18     19      20     21    22
15  1  0.000  0.000  0.000  0.000  0.000  0.000  0.397  0.442  0.490  0.473  0.465  0.465  0.491  0.462  0.436  0.393  0.000  0.000  0.000  0.000  0.000  0.000
15  2  0.000  0.000  0.000  0.000  0.345  0.493  0.776  0.853  0.888  0.903  0.761  0.760  0.900  0.883  0.846  0.771  0.484  0.340  0.000  0.000  0.000  0.000
15  3  0.000  0.000  0.000  0.000  0.520  0.848  0.905  1.046  1.070  1.084  1.066  1.065  1.080  1.065  1.040  0.901  0.844  0.514  0.000  0.000  0.000  0.000
15  4  0.000  0.000  0.000  0.566  0.871  0.962  1.132  1.040  1.198  1.008  1.174  1.171  0.995  1.191  1.035  1.127  0.958  0.868  0.570  0.000  0.000  0.000
15  5  0.000  0.339  0.526  0.738  1.041  1.159  1.202  1.267  1.159  1.283  1.088  1.086  1.277  1.153  1.261  1.198  1.155  1.039  0.736  0.526  0.341  0.000
15  6  0.000  0.493  0.839  0.954  1.157  1.105  1.306  1.147  1.336  1.288  1.231  1.230  1.285  1.332  1.143  1.303  1.101  1.155  0.952  0.839  0.509  0.000
15  7  0.399  0.785  0.849  1.137  1.214  1.320  1.181  1.298  1.270  1.307  1.192  1.191  1.305  1.268  1.295  1.178  1.317  1.213  1.137  0.850  0.787  0.399
15  8  0.450  0.879  1.069  1.065  1.302  1.177  1.322  1.288  1.161  1.209  1.212  1.212  1.208  1.160  1.287  1.320  1.176  1.300  1.063  1.069  0.879  0.442
15  9  0.475  0.902  1.095  1.244  1.220  1.402  1.328  1.202  1.336  1.303  1.391  1.391  1.303  1.336  1.201  1.327  1.401  1.219  1.243  1.094  0.902  0.478
15  10  0.474  0.899  1.124  1.058  1.382  1.377  1.404  1.278  1.310  1.341  1.220  1.219  1.342  1.310  1.277  1.403  1.377  1.381  1.055  1.125  0.901  0.478
15  11  0.469  0.784  1.109  1.268  1.250  1.444  1.277  1.250  1.348  1.188  1.249  1.249  1.193  1.348  1.250  1.277  1.444  1.250  1.269  1.110  0.785  0.475
15  12  0.472  0.774  1.108  1.268  1.251  1.444  1.278  1.251  1.348  1.193  1.251  1.250  1.190  1.348  1.250  1.279  1.445  1.251  1.269  1.110  0.778  0.478
15  13  0.476  0.898  1.123  1.058  1.382  1.377  1.404  1.278  1.312  1.344  1.222  1.221  1.343  1.312  1.279  1.405  1.379  1.382  1.057  1.126  0.902  0.492
15  14  0.474  0.901  1.094  1.244  1.221  1.403  1.328  1.203  1.339  1.305  1.394  1.394  1.305  1.339  1.204  1.329  1.404  1.221  1.245  1.096  0.905  0.479
15  15  0.445  0.877  1.068  1.064  1.302  1.178  1.323  1.290  1.163  1.213  1.215  1.215  1.212  1.163  1.291  1.324  1.179  1.304  1.066  1.071  0.881  0.456
15  16  0.397  0.782  0.847  1.136  1.214  1.320  1.181  1.300  1.273  1.311  1.197  1.196  1.310  1.273  1.301  1.183  1.322  1.217  1.139  0.849  0.787  0.400
15  17  0.000  0.480  0.834  0.951  1.157  1.105  1.308  1.150  1.340  1.292  1.239  1.238  1.290  1.339  1.149  1.309  1.107  1.160  0.955  0.840  0.491  0.000
15  18  0.000  0.341  0.524  0.735  1.041  1.160  1.204  1.270  1.161  1.288  1.093  1.092  1.284  1.160  1.268  1.204  1.161  1.043  0.738  0.526  0.340  0.000
15  19  0.000  0.000  0.000  0.569  0.870  0.964  1.134  1.042  1.202  1.016  1.180  1.177  0.992  1.197  1.040  1.132  0.963  0.873  0.572  0.000  0.000  0.000
15  20  0.000  0.000  0.000  0.000  0.516  0.848  0.907  1.048  1.074  1.090  1.071  1.069  1.084  1.069  1.045  0.905  0.848  0.521  0.000  0.000  0.000  0.000
15  21  0.000  0.000  0.000  0.000  0.343  0.489  0.776  0.853  0.890  0.907  0.765  0.762  0.902  0.887  0.851  0.774  0.487  0.348  0.000  0.000  0.000  0.000
15  22  0.000  0.000  0.000  0.000  0.000  0.000  0.398  0.438  0.475  0.494  0.468  0.466  0.473  0.468  0.442  0.390  0.000  0.000  0.000  0.000  0.000  0.000


        1      2      3      4      5      6      7      8      9      10     11     12     13     14     15     16     17     18     19      20     21    22
14  1  0.000  0.000  0.000  0.000  0.000  0.000  0.400  0.449  0.499  0.486  0.472  0.472  0.498  0.472  0.444  0.398  0.000  0.000  0.000  0.000  0.000  0.000
14  2  0.000  0.000  0.000  0.000  0.345  0.501  0.799  0.880  0.918  0.932  0.779  0.778  0.930  0.912  0.874  0.794  0.492  0.342  0.000  0.000  0.000  0.000
14  3  0.000  0.000  0.000  0.000  0.528  0.874  0.930  1.077  1.102  1.120  1.102  1.101  1.116  1.097  1.072  0.927  0.870  0.525  0.000  0.000  0.000  0.000
14  4  0.000  0.000  0.000  0.570  0.895  0.986  1.168  1.070  1.234  1.031  1.209  1.207  1.020  1.229  1.065  1.164  0.984  0.893  0.575  0.000  0.000  0.000
14  5  0.000  0.340  0.532  0.754  1.070  1.194  1.233  1.303  1.188  1.318  1.112  1.110  1.313  1.182  1.298  1.229  1.191  1.069  0.752  0.533  0.341  0.000
14  6  0.000  0.499  0.862  0.981  1.192  1.136  1.341  1.174  1.368  1.312  1.256  1.255  1.310  1.364  1.170  1.338  1.133  1.190  0.979  0.862  0.515  0.000
14  7  0.402  0.806  0.868  1.173  1.244  1.354  1.206  1.325  1.287  1.323  1.206  1.205  1.321  1.286  1.323  1.203  1.351  1.243  1.172  0.870  0.809  0.406
14  8  0.457  0.904  1.101  1.095  1.335  1.200  1.344  1.304  1.171  1.213  1.221  1.221  1.213  1.170  1.302  1.343  1.200  1.334  1.093  1.101  0.905  0.453
14  9  0.483  0.930  1.124  1.277  1.242  1.425  1.332  1.202  1.337  1.303  1.392  1.392  1.303  1.336  1.201  1.331  1.423  1.241  1.275  1.124  0.930  0.485
14  10  0.482  0.925  1.156  1.077  1.409  1.393  1.402  1.268  1.306  1.337  1.219  1.218  1.337  1.306  1.268  1.401  1.392  1.408  1.074  1.156  0.926  0.485
14  11  0.475  0.800  1.137  1.297  1.269  1.461  1.282  1.248  1.340  1.185  1.242  1.242  1.191  1.341  1.248  1.282  1.461  1.270  1.297  1.138  0.802  0.481
14  12  0.478  0.793  1.136  1.296  1.270  1.460  1.282  1.249  1.341  1.191  1.244  1.243  1.187  1.341  1.249  1.283  1.461  1.270  1.298  1.138  0.797  0.485
14  13  0.483  0.924  1.155  1.076  1.409  1.393  1.401  1.268  1.306  1.338  1.220  1.220  1.338  1.307  1.269  1.402  1.394  1.410  1.075  1.157  0.927  0.498
14  14  0.484  0.929  1.123  1.276  1.242  1.424  1.331  1.202  1.339  1.305  1.394  1.394  1.305  1.339  1.203  1.332  1.426  1.243  1.277  1.125  0.933  0.486
14  15  0.451  0.902  1.099  1.093  1.335  1.201  1.344  1.304  1.173  1.216  1.223  1.224  1.215  1.172  1.305  1.346  1.202  1.337  1.096  1.102  0.906  0.462
14  16  0.401  0.803  0.867  1.171  1.243  1.353  1.205  1.326  1.289  1.326  1.209  1.208  1.325  1.289  1.326  1.207  1.355  1.245  1.174  0.868  0.808  0.404
14  17  0.000  0.487  0.857  0.977  1.191  1.135  1.342  1.175  1.370  1.315  1.262  1.261  1.313  1.369  1.175  1.342  1.138  1.194  0.981  0.862  0.496  0.000
14  18  0.000  0.341  0.530  0.751  1.069  1.195  1.233  1.304  1.188  1.321  1.116  1.114  1.317  1.187  1.302  1.233  1.195  1.072  0.754  0.532  0.340  0.000
14  19  0.000  0.000  0.000  0.575  0.894  0.988  1.169  1.071  1.237  1.037  1.213  1.210  1.012  1.232  1.068  1.167  0.986  0.896  0.577  0.000  0.000  0.000
14  20  0.000  0.000  0.000  0.000  0.525  0.873  0.932  1.077  1.104  1.124  1.105  1.102  1.118  1.099  1.074  0.929  0.873  0.529  0.000  0.000  0.000  0.000
14  21  0.000  0.000  0.000  0.000  0.345  0.496  0.798  0.880  0.918  0.934  0.781  0.779  0.930  0.915  0.878  0.796  0.494  0.348  0.000  0.000  0.000  0.000
14  22  0.000  0.000  0.000  0.000  0.000  0.000  0.402  0.444  0.482  0.502  0.473  0.471  0.479  0.475  0.449  0.395  0.000  0.000  0.000  0.000  0.000  0.000


        1      2      3      4      5      6      7      8      9      10     11     12     13     14     15     16     17     18     19      20     21    22
13  1  0.000  0.000  0.000  0.000  0.000  0.000  0.389  0.447  0.500  0.485  0.461  0.461  0.497  0.473  0.443  0.387  0.000  0.000  0.000  0.000  0.000  0.000
13  2  0.000  0.000  0.000  0.000  0.337  0.498  0.818  0.911  0.953  0.967  0.792  0.791  0.965  0.948  0.905  0.814  0.490  0.334  0.000  0.000  0.000  0.000
13  3  0.000  0.000  0.000  0.000  0.525  0.900  0.954  1.117  1.148  1.183  1.151  1.150  1.179  1.144  1.114  0.952  0.897  0.525  0.000  0.000  0.000  0.000
13  4  0.000  0.000  0.000  0.564  0.921  1.017  1.231  1.107  1.304  1.063  1.278  1.276  1.054  1.299  1.103  1.228  1.015  0.920  0.570  0.000  0.000  0.000
13  5  0.000  0.331  0.526  0.753  1.111  1.261  1.286  1.376  1.232  1.390  1.148  1.147  1.386  1.227  1.372  1.283  1.259  1.110  0.753  0.528  0.332  0.000
13  6  0.000  0.495  0.884  1.012  1.258  1.180  1.414  1.210  1.438  1.362  1.318  1.317  1.359  1.435  1.207  1.412  1.177  1.257  1.012  0.884  0.504  0.000
13  7  0.395  0.825  0.875  1.234  1.297  1.426  1.247  1.388  1.325  1.375  1.233  1.232  1.373  1.324  1.386  1.245  1.424  1.296  1.234  0.877  0.827  0.401
13  8  0.454  0.934  1.145  1.132  1.407  1.235  1.406  1.340  1.190  1.232  1.242  1.242  1.231  1.189  1.339  1.404  1.235  1.405  1.131  1.146  0.935  0.452
13  9  0.482  0.965  1.170  1.344  1.281  1.491  1.368  1.222  1.375  1.328  1.431  1.431  1.327  1.374  1.221  1.368  1.490  1.280  1.343  1.170  0.965  0.484
13  10  0.479  0.955  1.215  1.107  1.479  1.438  1.452  1.283  1.326  1.369  1.231  1.230  1.370  1.326  1.283  1.452  1.437  1.478  1.103  1.216  0.955  0.480
13  11  0.465  0.802  1.183  1.364  1.305  1.523  1.305  1.262  1.372  1.194  1.243  1.244  1.198  1.372  1.262  1.305  1.523  1.306  1.365  1.183  0.804  0.477
13  12  0.472  0.806  1.182  1.363  1.306  1.523  1.305  1.263  1.372  1.198  1.244  1.244  1.195  1.372  1.262  1.306  1.524  1.306  1.365  1.184  0.810  0.481
13  13  0.479  0.954  1.214  1.106  1.478  1.437  1.450  1.282  1.326  1.371  1.231  1.231  1.370  1.327  1.283  1.451  1.439  1.479  1.104  1.217  0.957  0.495
13  14  0.483  0.963  1.169  1.343  1.281  1.491  1.366  1.221  1.376  1.328  1.433  1.433  1.329  1.376  1.222  1.368  1.492  1.281  1.344  1.171  0.967  0.482
13  15  0.448  0.931  1.144  1.130  1.406  1.235  1.405  1.340  1.191  1.234  1.243  1.244  1.233  1.191  1.340  1.406  1.236  1.408  1.133  1.146  0.935  0.459
13  16  0.395  0.821  0.871  1.232  1.295  1.425  1.246  1.388  1.326  1.376  1.235  1.234  1.376  1.326  1.388  1.248  1.427  1.298  1.235  0.875  0.826  0.398
13  17  0.000  0.484  0.879  1.009  1.256  1.178  1.414  1.210  1.439  1.363  1.322  1.322  1.361  1.437  1.210  1.415  1.181  1.259  1.012  0.884  0.492  0.000
13  18  0.000  0.332  0.526  0.751  1.110  1.261  1.286  1.376  1.231  1.391  1.151  1.149  1.388  1.229  1.374  1.285  1.261  1.112  0.753  0.527  0.332  0.000
13  19  0.000  0.000  0.000  0.569  0.921  1.018  1.232  1.108  1.305  1.065  1.279  1.277  1.042  1.300  1.105  1.230  1.016  0.922  0.571  0.000  0.000  0.000
13  20  0.000  0.000  0.000  0.000  0.524  0.900  0.955  1.117  1.149  1.184  1.151  1.149  1.178  1.144  1.114  0.953  0.898  0.526  0.000  0.000  0.000  0.000
13  21  0.000  0.000  0.000  0.000  0.338  0.494  0.817  0.909  0.952  0.968  0.793  0.790  0.963  0.948  0.907  0.815  0.490  0.339  0.000  0.000  0.000  0.000
13  22  0.000  0.000  0.000  0.000  0.000  0.000  0.395  0.438  0.481  0.502  0.462  0.460  0.477  0.472  0.446  0.389  0.000  0.000  0.000  0.000  0.000  0.000


        1      2      3      4      5      6      7      8      9      10     11     12     13     14     15     16     17     18     19      20     21    22
12  1  0.000  0.000  0.000  0.000  0.000  0.000  0.382  0.437  0.486  0.478  0.458  0.456  0.481  0.466  0.441  0.381  0.000  0.000  0.000  0.000  0.000  0.000
12  2  0.000  0.000  0.000  0.000  0.324  0.487  0.830  0.935  0.982  0.997  0.803  0.802  0.995  0.977  0.930  0.828  0.483  0.317  0.000  0.000  0.000  0.000
12  3  0.000  0.000  0.000  0.000  0.515  0.919  0.964  1.151  1.188  1.238  1.192  1.191  1.234  1.185  1.148  0.962  0.918  0.516  0.000  0.000  0.000  0.000
12  4  0.000  0.000  0.000  0.549  0.942  1.036  1.286  1.142  1.364  1.084  1.339  1.337  1.076  1.360  1.139  1.283  1.035  0.943  0.564  0.000  0.000  0.000
12  5  0.000  0.313  0.522  0.762  1.143  1.316  1.332  1.435  1.267  1.451  1.174  1.172  1.447  1.263  1.432  1.330  1.315  1.144  0.764  0.523  0.313  0.000
12  6  0.000  0.490  0.902  1.033  1.313  1.215  1.470  1.237  1.489  1.402  1.368  1.367  1.400  1.486  1.235  1.468  1.214  1.312  1.033  0.902  0.498  0.000
12  7  0.381  0.837  0.886  1.287  1.342  1.481  1.272  1.427  1.349  1.411  1.253  1.252  1.410  1.348  1.426  1.271  1.480  1.341  1.287  0.888  0.839  0.386
12  8  0.444  0.956  1.182  1.164  1.464  1.261  1.444  1.359  1.202  1.242  1.257  1.257  1.242  1.202  1.358  1.443  1.261  1.463  1.163  1.183  0.957  0.443
12  9  0.478  0.994  1.209  1.401  1.313  1.539  1.392  1.236  1.400  1.344  1.459  1.459  1.343  1.399  1.235  1.391  1.538  1.313  1.399  1.208  0.993  0.479
12  10  0.469  0.980  1.268  1.137  1.537  1.473  1.486  1.285  1.338  1.391  1.240  1.239  1.391  1.339  1.285  1.486  1.473  1.535  1.132  1.268  0.980  0.470
12  11  0.460  0.811  1.223  1.421  1.334  1.572  1.321  1.270  1.392  1.197  1.230  1.229  1.194  1.392  1.270  1.321  1.572  1.335  1.422  1.223  0.812  0.461
12  12  0.461  0.800  1.222  1.421  1.334  1.572  1.321  1.271  1.392  1.194  1.230  1.230  1.198  1.393  1.271  1.322  1.573  1.335  1.422  1.224  0.803  0.465
12  13  0.470  0.979  1.266  1.136  1.536  1.472  1.484  1.284  1.338  1.392  1.240  1.240  1.392  1.339  1.285  1.485  1.474  1.536  1.133  1.268  0.981  0.486
12  14  0.473  0.992  1.207  1.400  1.313  1.538  1.389  1.234  1.400  1.343  1.460  1.460  1.344  1.400  1.235  1.391  1.539  1.314  1.400  1.208  0.995  0.473
12  15  0.441  0.953  1.181  1.162  1.462  1.260  1.443  1.359  1.202  1.243  1.258  1.258  1.243  1.202  1.359  1.444  1.262  1.464  1.164  1.183  0.957  0.450
12  16  0.380  0.834  0.884  1.285  1.340  1.480  1.271  1.427  1.349  1.412  1.254  1.253  1.411  1.349  1.427  1.272  1.481  1.342  1.287  0.886  0.838  0.383
12  17  0.000  0.469  0.897  1.030  1.311  1.214  1.469  1.236  1.489  1.401  1.371  1.371  1.400  1.488  1.237  1.469  1.216  1.313  1.033  0.902  0.481  0.000
12  18  0.000  0.316  0.521  0.761  1.143  1.316  1.331  1.436  1.266  1.451  1.175  1.174  1.448  1.264  1.433  1.330  1.316  1.144  0.762  0.523  0.322  0.000
12  19  0.000  0.000  0.000  0.563  0.943  1.037  1.286  1.142  1.364  1.094  1.340  1.337  1.064  1.359  1.139  1.283  1.035  0.943  0.564  0.000  0.000  0.000
12  20  0.000  0.000  0.000  0.000  0.514  0.920  0.965  1.151  1.187  1.238  1.191  1.189  1.232  1.183  1.147  0.962  0.917  0.516  0.000  0.000  0.000  0.000
12  21  0.000  0.000  0.000  0.000  0.329  0.490  0.830  0.932  0.980  0.997  0.803  0.801  0.991  0.976  0.930  0.827  0.476  0.323  0.000  0.000  0.000  0.000
12  22  0.000  0.000  0.000  0.000  0.000  0.000  0.380  0.435  0.476  0.487  0.457  0.456  0.470  0.463  0.435  0.375  0.000  0.000  0.000  0.000  0.000  0.000


        1      2      3      4      5      6      7      8      9      10     11     12     13     14     15     16     17     18     19      20     21    22
11  1  0.000  0.000  0.000  0.000  0.000  0.000  0.373  0.433  0.485  0.475  0.453  0.451  0.479  0.465  0.437  0.373  0.000  0.000  0.000  0.000  0.000  0.000
11  2  0.000  0.000  0.000  0.000  0.314  0.481  0.838  0.953  1.006  1.022  0.812  0.811  1.020  1.002  0.949  0.836  0.479  0.307  0.000  0.000  0.000  0.000
11  3  0.000  0.000  0.000  0.000  0.511  0.934  0.980  1.181  1.222  1.328  1.229  1.228  1.325  1.220  1.178  0.979  0.933  0.513  0.000  0.000  0.000  0.000
11  4  0.000  0.000  0.000  0.542  0.959  1.060  1.375  1.176  1.468  1.115  1.445  1.444  1.109  1.465  1.174  1.374  1.060  0.961  0.557  0.000  0.000  0.000
11  5  0.000  0.303  0.517  0.771  1.176  1.405  1.373  1.537  1.300  1.555  1.202  1.201  1.551  1.297  1.534  1.371  1.404  1.177  0.774  0.519  0.303  0.000
11  6  0.000  0.483  0.916  1.061  1.402  1.250  1.554  1.261  1.526  1.432  1.456  1.455  1.430  1.524  1.259  1.553  1.250  1.402  1.061  0.916  0.491  0.000
11  7  0.372  0.845  0.897  1.377  1.382  1.566  1.259  1.461  1.361  1.481  1.257  1.256  1.481  1.360  1.460  1.259  1.566  1.382  1.377  0.898  0.847  0.377
11  8  0.439  0.972  1.214  1.195  1.563  1.284  1.477  1.329  1.208  1.245  1.257  1.256  1.244  1.208  1.329  1.477  1.284  1.563  1.195  1.215  0.973  0.438
11  9  0.476  1.019  1.242  1.500  1.342  1.572  1.402  1.243  1.464  1.354  1.527  1.527  1.353  1.464  1.243  1.402  1.571  1.342  1.499  1.241  1.018  0.476
11  10  0.467  1.004  1.354  1.168  1.634  1.498  1.554  1.282  1.344  1.456  1.247  1.246  1.455  1.345  1.283  1.554  1.497  1.633  1.163  1.354  1.004  0.465
11  11  0.455  0.821  1.259  1.522  1.362  1.657  1.321  1.264  1.453  1.198  1.220  1.219  1.194  1.453  1.264  1.322  1.658  1.363  1.523  1.259  0.822  0.457
11  12  0.455  0.812  1.258  1.522  1.362  1.657  1.321  1.264  1.453  1.193  1.220  1.220  1.199  1.453  1.264  1.322  1.658  1.363  1.523  1.259  0.814  0.460
11  13  0.467  1.002  1.353  1.167  1.633  1.496  1.552  1.281  1.344  1.455  1.246  1.247  1.456  1.345  1.283  1.553  1.498  1.633  1.164  1.354  1.005  0.482
11  14  0.471  1.017  1.241  1.500  1.342  1.571  1.400  1.241  1.464  1.353  1.527  1.527  1.354  1.464  1.243  1.401  1.572  1.342  1.500  1.241  1.020  0.468
11  15  0.438  0.970  1.213  1.194  1.562  1.283  1.476  1.328  1.208  1.245  1.257  1.257  1.245  1.208  1.329  1.477  1.285  1.564  1.195  1.214  0.972  0.445
11  16  0.372  0.843  0.897  1.375  1.381  1.565  1.258  1.460  1.360  1.481  1.257  1.256  1.481  1.360  1.460  1.259  1.566  1.382  1.377  0.896  0.845  0.374
11  17  0.000  0.465  0.911  1.058  1.400  1.249  1.553  1.260  1.526  1.431  1.458  1.458  1.430  1.524  1.260  1.553  1.250  1.402  1.060  0.916  0.475  0.000
11  18  0.000  0.305  0.517  0.772  1.176  1.405  1.371  1.536  1.299  1.554  1.204  1.202  1.551  1.297  1.534  1.370  1.404  1.177  0.771  0.518  0.311  0.000
11  19  0.000  0.000  0.000  0.557  0.961  1.061  1.376  1.176  1.468  1.124  1.445  1.443  1.097  1.463  1.173  1.373  1.059  0.960  0.557  0.000  0.000  0.000
11  20  0.000  0.000  0.000  0.000  0.513  0.935  0.980  1.180  1.222  1.327  1.228  1.225  1.322  1.217  1.177  0.977  0.932  0.512  0.000  0.000  0.000  0.000
11  21  0.000  0.000  0.000  0.000  0.318  0.484  0.837  0.950  1.003  1.021  0.811  0.809  1.015  1.000  0.948  0.834  0.471  0.312  0.000  0.000  0.000  0.000
11  22  0.000  0.000  0.000  0.000  0.000  0.000  0.371  0.430  0.473  0.485  0.451  0.450  0.467  0.458  0.430  0.367  0.000  0.000  0.000  0.000  0.000  0.000


        1      2      3      4      5      6      7      8      9      10     11     12     13     14     15     16     17     18     19      20     21    22
10  1  0.000  0.000  0.000  0.000  0.000  0.000  0.359  0.427  0.481  0.465  0.442  0.442  0.472  0.458  0.426  0.358  0.000  0.000  0.000  0.000  0.000  0.000
10  2  0.000  0.000  0.000  0.000  0.299  0.469  0.836  0.967  1.026  1.038  0.812  0.811  1.037  1.022  0.963  0.834  0.468  0.298  0.000  0.000  0.000  0.000
10  3  0.000  0.000  0.000  0.000  0.503  0.940  0.991  1.210  1.260  1.387  1.261  1.261  1.384  1.258  1.208  0.990  0.940  0.506  0.000  0.000  0.000  0.000
10  4  0.000  0.000  0.000  0.531  0.972  1.083  1.435  1.204  1.528  1.142  1.508  1.506  1.139  1.526  1.202  1.434  1.083  0.974  0.544  0.000  0.000  0.000
10  5  0.000  0.292  0.508  0.777  1.206  1.468  1.412  1.597  1.322  1.603  1.226  1.225  1.600  1.321  1.596  1.411  1.468  1.208  0.781  0.510  0.293  0.000
10  6  0.000  0.471  0.926  1.088  1.465  1.287  1.615  1.282  1.562  1.444  1.494  1.494  1.443  1.561  1.282  1.614  1.287  1.465  1.089  0.924  0.481  0.000
10  7  0.359  0.846  0.904  1.436  1.423  1.627  1.279  1.491  1.366  1.505  1.203  1.202  1.505  1.366  1.490  1.279  1.627  1.423  1.437  0.905  0.848  0.363
10  8  0.429  0.985  1.246  1.225  1.624  1.304  1.507  1.329  1.208  1.243  1.195  1.195  1.242  1.208  1.328  1.507  1.305  1.624  1.226  1.247  0.985  0.428
10  9  0.469  1.043  1.280  1.559  1.362  1.605  1.408  1.246  1.489  1.360  1.551  1.551  1.359  1.489  1.246  1.408  1.604  1.361  1.558  1.279  1.042  0.469
10  10  0.460  1.026  1.412  1.196  1.677  1.505  1.575  1.274  1.345  1.480  1.248  1.246  1.480  1.345  1.274  1.575  1.505  1.676  1.191  1.412  1.026  0.457
10  11  0.444  0.827  1.297  1.582  1.384  1.694  1.264  1.198  1.469  1.194  1.207  1.207  1.189  1.469  1.198  1.264  1.694  1.385  1.583  1.297  0.829  0.451
10  12  0.444  0.821  1.296  1.582  1.384  1.694  1.263  1.198  1.468  1.189  1.207  1.207  1.194  1.469  1.199  1.264  1.694  1.385  1.583  1.298  0.824  0.454
10  13  0.460  1.025  1.412  1.195  1.677  1.504  1.573  1.273  1.344  1.480  1.247  1.247  1.481  1.345  1.274  1.574  1.505  1.676  1.192  1.413  1.027  0.474
10  14  0.465  1.042  1.279  1.559  1.362  1.604  1.406  1.244  1.489  1.359  1.551  1.551  1.360  1.489  1.245  1.407  1.605  1.362  1.558  1.279  1.043  0.460
10  15  0.433  0.984  1.247  1.225  1.623  1.304  1.505  1.327  1.207  1.243  1.195  1.195  1.243  1.207  1.328  1.506  1.305  1.624  1.225  1.246  0.985  0.435
10  16  0.361  0.846  0.908  1.435  1.421  1.626  1.278  1.490  1.365  1.505  1.203  1.202  1.504  1.366  1.490  1.278  1.627  1.423  1.436  0.903  0.846  0.362
10  17  0.000  0.458  0.920  1.086  1.464  1.286  1.614  1.281  1.561  1.443  1.496  1.495  1.442  1.560  1.281  1.614  1.286  1.464  1.087  0.925  0.463  0.000
10  18  0.000  0.291  0.509  0.780  1.206  1.468  1.411  1.597  1.321  1.601  1.227  1.225  1.599  1.319  1.595  1.410  1.467  1.207  0.777  0.509  0.295  0.000
10  19  0.000  0.000  0.000  0.544  0.973  1.084  1.435  1.203  1.527  1.149  1.506  1.504  1.126  1.523  1.201  1.433  1.082  0.972  0.543  0.000  0.000  0.000
10  20  0.000  0.000  0.000  0.000  0.505  0.941  0.991  1.208  1.259  1.386  1.259  1.257  1.380  1.254  1.206  0.988  0.938  0.504  0.000  0.000  0.000  0.000
10  21  0.000  0.000  0.000  0.000  0.302  0.471  0.835  0.963  1.023  1.037  0.811  0.808  1.031  1.019  0.961  0.832  0.465  0.298  0.000  0.000  0.000  0.000
10  22  0.000  0.000  0.000  0.000  0.000  0.000  0.361  0.420  0.464  0.480  0.441  0.440  0.456  0.449  0.420  0.355  0.000  0.000  0.000  0.000  0.000  0.000


        1      2      3      4      5      6      7      8      9      10     11     12     13     14     15     16     17     18     19      20     21    22
9  1  0.000  0.000  0.000  0.000  0.000  0.000  0.341  0.418  0.473  0.453  0.434  0.436  0.465  0.449  0.413  0.341  0.000  0.000  0.000  0.000  0.000  0.000
9  2  0.000  0.000  0.000  0.000  0.282  0.455  0.829  0.976  1.041  1.045  0.806  0.806  1.044  1.037  0.973  0.828  0.455  0.289  0.000  0.000  0.000  0.000
9  3  0.000  0.000  0.000  0.000  0.494  0.941  0.997  1.231  1.297  1.431  1.283  1.283  1.430  1.296  1.230  0.997  0.942  0.497  0.000  0.000  0.000  0.000
9  4  0.000  0.000  0.000  0.519  0.980  1.100  1.480  1.222  1.568  1.156  1.549  1.548  1.158  1.567  1.221  1.481  1.101  0.982  0.528  0.000  0.000  0.000
9  5  0.000  0.279  0.497  0.778  1.228  1.517  1.443  1.640  1.286  1.562  1.244  1.245  1.560  1.286  1.639  1.442  1.518  1.230  0.785  0.500  0.284  0.000
9  6  0.000  0.456  0.928  1.108  1.514  1.314  1.664  1.297  1.518  1.395  1.510  1.510  1.394  1.517  1.297  1.664  1.315  1.515  1.109  0.926  0.468  0.000
9  7  0.346  0.841  0.902  1.481  1.457  1.677  1.302  1.522  1.369  1.513  1.180  1.179  1.513  1.369  1.522  1.302  1.678  1.457  1.482  0.903  0.842  0.348
9  8  0.423  0.991  1.271  1.246  1.666  1.319  1.537  1.337  1.203  1.234  1.164  1.163  1.234  1.203  1.337  1.537  1.320  1.667  1.247  1.271  0.990  0.417
9  9  0.459  1.061  1.319  1.596  1.323  1.556  1.411  1.242  1.502  1.360  1.562  1.561  1.359  1.502  1.242  1.411  1.557  1.323  1.596  1.319  1.060  0.460
9  10  0.451  1.042  1.457  1.212  1.628  1.446  1.574  1.257  1.338  1.491  1.240  1.239  1.491  1.337  1.257  1.575  1.447  1.628  1.207  1.457  1.043  0.451
9  11  0.433  0.828  1.338  1.617  1.389  1.692  1.231  1.161  1.470  1.182  1.190  1.189  1.177  1.470  1.161  1.231  1.692  1.390  1.618  1.339  0.831  0.449
9  12  0.434  0.827  1.337  1.617  1.389  1.692  1.230  1.161  1.470  1.177  1.189  1.190  1.182  1.470  1.161  1.231  1.693  1.389  1.618  1.339  0.831  0.448
9  13  0.454  1.043  1.458  1.212  1.629  1.446  1.573  1.255  1.337  1.490  1.239  1.239  1.491  1.338  1.257  1.573  1.447  1.628  1.207  1.458  1.045  0.467
9  14  0.458  1.062  1.320  1.597  1.324  1.557  1.409  1.240  1.501  1.358  1.561  1.561  1.359  1.502  1.241  1.410  1.557  1.323  1.595  1.318  1.062  0.453
9  15  0.424  0.992  1.273  1.247  1.667  1.319  1.536  1.336  1.202  1.233  1.163  1.163  1.234  1.202  1.337  1.536  1.320  1.666  1.247  1.271  0.991  0.425
9  16  0.349  0.843  0.910  1.482  1.456  1.677  1.301  1.521  1.368  1.512  1.179  1.179  1.512  1.368  1.521  1.301  1.677  1.456  1.481  0.901  0.841  0.349
9  17  0.000  0.455  0.924  1.107  1.513  1.313  1.663  1.295  1.517  1.393  1.511  1.511  1.393  1.516  1.296  1.663  1.314  1.513  1.106  0.926  0.451  0.000
9  18  0.000  0.277  0.499  0.783  1.228  1.517  1.441  1.639  1.286  1.560  1.245  1.244  1.558  1.284  1.637  1.441  1.516  1.228  0.778  0.498  0.278  0.000
9  19  0.000  0.000  0.000  0.528  0.982  1.100  1.480  1.221  1.567  1.162  1.547  1.545  1.142  1.563  1.219  1.478  1.099  0.980  0.527  0.000  0.000  0.000
9  20  0.000  0.000  0.000  0.000  0.495  0.941  0.997  1.229  1.296  1.430  1.280  1.278  1.425  1.292  1.227  0.995  0.940  0.495  0.000  0.000  0.000  0.000
9  21  0.000  0.000  0.000  0.000  0.284  0.454  0.828  0.972  1.037  1.044  0.805  0.802  1.037  1.033  0.970  0.827  0.455  0.283  0.000  0.000  0.000  0.000
9  22  0.000  0.000  0.000  0.000  0.000  0.000  0.347  0.408  0.453  0.473  0.435  0.431  0.443  0.440  0.412  0.341  0.000  0.000  0.000  0.000  0.000  0.000


        1      2      3      4      5      6      7      8      9      10     11     12     13     14     15     16     17     18     19      20     21    22
8  1  0.000  0.000  0.000  0.000  0.000  0.000  0.322  0.404  0.463  0.438  0.418  0.422  0.454  0.438  0.400  0.322  0.000  0.000  0.000  0.000  0.000  0.000
8  2  0.000  0.000  0.000  0.000  0.264  0.437  0.814  0.978  1.050  1.044  0.792  0.792  1.045  1.047  0.975  0.814  0.441  0.278  0.000  0.000  0.000  0.000
8  3  0.000  0.000  0.000  0.000  0.488  0.936  1.000  1.241  1.320  1.467  1.297  1.298  1.468  1.321  1.240  1.001  0.937  0.487  0.000  0.000  0.000  0.000
8  4  0.000  0.000  0.000  0.505  0.986  1.119  1.509  1.242  1.601  1.167  1.582  1.582  1.175  1.601  1.242  1.510  1.120  0.988  0.510  0.000  0.000  0.000
8  5  0.000  0.266  0.494  0.776  1.242  1.555  1.470  1.674  1.284  1.566  1.251  1.252  1.565  1.285  1.674  1.469  1.557  1.244  0.784  0.496  0.273  0.000
8  6  0.000  0.438  0.923  1.120  1.552  1.332  1.705  1.323  1.524  1.402  1.527  1.527  1.402  1.524  1.324  1.706  1.334  1.554  1.122  0.922  0.452  0.000
8  7  0.334  0.827  0.885  1.508  1.499  1.720  1.322  1.550  1.390  1.524  1.172  1.172  1.524  1.390  1.551  1.323  1.722  1.500  1.510  0.886  0.828  0.331
8  8  0.410  0.990  1.280  1.271  1.701  1.346  1.563  1.358  1.199  1.232  1.146  1.146  1.231  1.199  1.358  1.563  1.348  1.702  1.272  1.280  0.988  0.404
8  9  0.450  1.074  1.344  1.625  1.318  1.555  1.432  1.235  1.512  1.359  1.571  1.571  1.359  1.512  1.236  1.432  1.557  1.319  1.625  1.344  1.074  0.450
8  10  0.443  1.069  1.496  1.222  1.618  1.439  1.574  1.249  1.330  1.496  1.225  1.224  1.495  1.330  1.249  1.575  1.440  1.619  1.217  1.497  1.071  0.441
8  11  0.420  0.826  1.365  1.640  1.326  1.611  1.208  1.134  1.470  1.166  1.176  1.175  1.161  1.470  1.134  1.208  1.611  1.326  1.641  1.367  0.830  0.442
8  12  0.430  0.830  1.365  1.640  1.326  1.611  1.207  1.134  1.469  1.160  1.174  1.175  1.166  1.470  1.135  1.208  1.611  1.326  1.641  1.367  0.835  0.441
8  13  0.452  1.072  1.498  1.222  1.620  1.440  1.573  1.246  1.329  1.495  1.224  1.224  1.495  1.330  1.248  1.573  1.441  1.619  1.217  1.497  1.073  0.459
8  14  0.450  1.077  1.346  1.627  1.320  1.557  1.430  1.233  1.511  1.358  1.570  1.570  1.359  1.511  1.234  1.431  1.557  1.319  1.624  1.344  1.075  0.443
8  15  0.413  0.992  1.284  1.273  1.702  1.346  1.562  1.357  1.198  1.230  1.145  1.146  1.231  1.198  1.358  1.563  1.347  1.701  1.272  1.280  0.990  0.413
8  16  0.335  0.833  0.900  1.510  1.500  1.721  1.322  1.549  1.389  1.523  1.171  1.171  1.523  1.389  1.549  1.322  1.720  1.499  1.508  0.885  0.827  0.334
8  17  0.000  0.444  0.922  1.121  1.553  1.333  1.705  1.322  1.523  1.400  1.527  1.527  1.399  1.522  1.323  1.704  1.332  1.552  1.119  0.922  0.436  0.000
8  18  0.000  0.262  0.495  0.783  1.243  1.556  1.468  1.673  1.284  1.563  1.251  1.250  1.562  1.281  1.671  1.468  1.554  1.242  0.776  0.493  0.262  0.000
8  19  0.000  0.000  0.000  0.510  0.987  1.119  1.509  1.242  1.599  1.172  1.579  1.578  1.154  1.596  1.239  1.507  1.118  0.986  0.508  0.000  0.000  0.000
8  20  0.000  0.000  0.000  0.000  0.484  0.935  0.999  1.239  1.319  1.466  1.294  1.291  1.460  1.314  1.237  0.998  0.935  0.490  0.000  0.000  0.000  0.000
8  21  0.000  0.000  0.000  0.000  0.268  0.440  0.813  0.974  1.046  1.045  0.790  0.787  1.036  1.041  0.972  0.813  0.445  0.266  0.000  0.000  0.000  0.000
8  22  0.000  0.000  0.000  0.000  0.000  0.000  0.330  0.393  0.439  0.464  0.421  0.415  0.427  0.425  0.399  0.326  0.000  0.000  0.000  0.000  0.000  0.000


        1      2      3      4      5      6      7      8      9      10     11     12     13     14     15     16     17     18     19      20     21    22
7  1  0.000  0.000  0.000  0.000  0.000  0.000  0.299  0.384  0.448  0.418  0.395  0.404  0.442  0.421  0.380  0.300  0.000  0.000  0.000  0.000  0.000  0.000
7  2  0.000  0.000  0.000  0.000  0.244  0.413  0.786  0.968  1.051  1.036  0.770  0.771  1.039  1.049  0.966  0.788  0.425  0.260  0.000  0.000  0.000  0.000
7  3  0.000  0.000  0.000  0.000  0.470  0.918  0.969  1.217  1.335  1.502  1.309  1.310  1.505  1.337  1.217  0.970  0.922  0.470  0.000  0.000  0.000  0.000
7  4  0.000  0.000  0.000  0.488  0.995  1.127  1.487  1.212  1.636  1.178  1.622  1.623  1.193  1.638  1.213  1.488  1.129  0.998  0.492  0.000  0.000  0.000
7  5  0.000  0.249  0.480  0.768  1.250  1.593  1.501  1.704  1.299  1.601  1.259  1.260  1.602  1.301  1.705  1.501  1.595  1.253  0.778  0.483  0.256  0.000
7  6  0.000  0.418  0.918  1.127  1.587  1.343  1.738  1.336  1.607  1.426  1.557  1.557  1.427  1.608  1.337  1.739  1.346  1.589  1.129  0.918  0.431  0.000
7  7  0.313  0.802  0.837  1.483  1.518  1.749  1.340  1.583  1.411  1.552  1.168  1.168  1.552  1.411  1.584  1.342  1.750  1.519  1.484  0.837  0.804  0.311
7  8  0.391  0.980  1.245  1.251  1.726  1.352  1.592  1.372  1.206  1.243  1.127  1.127  1.243  1.206  1.371  1.593  1.354  1.727  1.252  1.245  0.978  0.387
7  9  0.441  1.082  1.364  1.660  1.342  1.631  1.450  1.226  1.528  1.364  1.586  1.586  1.364  1.528  1.227  1.451  1.634  1.344  1.660  1.364  1.081  0.441
7  10  0.429  1.083  1.538  1.237  1.642  1.450  1.590  1.237  1.323  1.504  1.205  1.205  1.504  1.323  1.237  1.590  1.452  1.644  1.234  1.540  1.085  0.426
7  11  0.405  0.818  1.390  1.674  1.306  1.604  1.190  1.108  1.474  1.144  1.126  1.126  1.139  1.474  1.109  1.190  1.605  1.306  1.675  1.392  0.824  0.429
7  12  0.416  0.828  1.391  1.675  1.306  1.604  1.190  1.108  1.474  1.139  1.124  1.125  1.144  1.474  1.109  1.191  1.605  1.306  1.676  1.392  0.833  0.432
7  13  0.438  1.087  1.541  1.238  1.645  1.452  1.588  1.234  1.323  1.503  1.205  1.205  1.504  1.323  1.235  1.588  1.452  1.644  1.234  1.541  1.088  0.446
7  14  0.436  1.086  1.367  1.663  1.346  1.634  1.449  1.224  1.527  1.363  1.585  1.585  1.363  1.527  1.225  1.449  1.634  1.344  1.659  1.364  1.082  0.426
7  15  0.401  0.985  1.250  1.254  1.728  1.354  1.592  1.371  1.205  1.242  1.126  1.126  1.243  1.205  1.372  1.592  1.353  1.726  1.251  1.245  0.980  0.396
7  16  0.319  0.812  0.859  1.487  1.519  1.750  1.341  1.583  1.410  1.550  1.167  1.167  1.550  1.410  1.583  1.340  1.749  1.517  1.483  0.837  0.804  0.317
7  17  0.000  0.427  0.920  1.129  1.589  1.344  1.738  1.335  1.606  1.424  1.557  1.557  1.424  1.605  1.335  1.737  1.343  1.587  1.126  0.917  0.416  0.000
7  18  0.000  0.244  0.483  0.777  1.252  1.594  1.500  1.704  1.299  1.599  1.259  1.258  1.597  1.296  1.702  1.499  1.592  1.250  0.767  0.480  0.244  0.000
7  19  0.000  0.000  0.000  0.493  0.997  1.127  1.486  1.212  1.635  1.185  1.618  1.616  1.164  1.630  1.209  1.485  1.126  0.995  0.490  0.000  0.000  0.000
7  20  0.000  0.000  0.000  0.000  0.466  0.918  0.968  1.215  1.335  1.502  1.306  1.302  1.495  1.329  1.212  0.967  0.919  0.473  0.000  0.000  0.000  0.000
7  21  0.000  0.000  0.000  0.000  0.248  0.417  0.786  0.965  1.048  1.038  0.769  0.765  1.026  1.040  0.961  0.786  0.424  0.246  0.000  0.000  0.000  0.000
7  22  0.000  0.000  0.000  0.000  0.000  0.000  0.308  0.373  0.419  0.451  0.402  0.392  0.405  0.403  0.376  0.305  0.000  0.000  0.000  0.000  0.000  0.000


        1      2      3      4      5      6      7      8      9      10     11     12     13     14     15     16     17     18     19      20     21    22
6  1  0.000  0.000  0.000  0.000  0.000  0.000  0.272  0.358  0.428  0.390  0.367  0.379  0.422  0.397  0.353  0.274  0.000  0.000  0.000  0.000  0.000  0.000
6  2  0.000  0.000  0.000  0.000  0.222  0.382  0.747  0.942  1.036  1.012  0.738  0.740  1.018  1.035  0.941  0.750  0.399  0.239  0.000  0.000  0.000  0.000
6  3  0.000  0.000  0.000  0.000  0.444  0.887  0.936  1.200  1.341  1.537  1.315  1.318  1.542  1.345  1.201  0.938  0.892  0.448  0.000  0.000  0.000  0.000
6  4  0.000  0.000  0.000  0.466  0.987  1.125  1.496  1.190  1.675  1.182  1.669  1.671  1.205  1.679  1.191  1.498  1.128  0.993  0.470  0.000  0.000  0.000
6  5  0.000  0.231  0.460  0.753  1.254  1.635  1.493  1.698  1.310  1.646  1.267  1.269  1.649  1.314  1.701  1.494  1.638  1.258  0.766  0.463  0.237  0.000
6  6  0.000  0.394  0.899  1.127  1.624  1.348  1.735  1.311  1.656  1.450  1.601  1.601  1.451  1.658  1.313  1.737  1.351  1.628  1.130  0.898  0.409  0.000
6  7  0.289  0.771  0.801  1.489  1.472  1.711  1.354  1.622  1.427  1.591  1.163  1.163  1.592  1.428  1.623  1.356  1.713  1.474  1.490  0.801  0.774  0.288
6  8  0.366  0.961  1.233  1.238  1.687  1.296  1.625  1.378  1.195  1.246  1.101  1.101  1.244  1.195  1.378  1.627  1.297  1.689  1.239  1.233  0.959  0.363
6  9  0.421  1.082  1.385  1.706  1.358  1.674  1.465  1.211  1.551  1.367  1.614  1.614  1.367  1.552  1.211  1.466  1.677  1.361  1.706  1.385  1.082  0.420
6  10  0.408  1.084  1.591  1.257  1.686  1.468  1.621  1.220  1.317  1.522  1.181  1.181  1.521  1.317  1.221  1.622  1.471  1.688  1.253  1.593  1.086  0.403
6  11  0.383  0.803  1.420  1.729  1.309  1.645  1.178  1.083  1.491  1.116  1.081  1.080  1.112  1.491  1.084  1.178  1.645  1.308  1.730  1.423  0.811  0.411
6  12  0.394  0.814  1.421  1.730  1.309  1.645  1.177  1.082  1.490  1.111  1.078  1.079  1.116  1.491  1.083  1.178  1.645  1.309  1.730  1.424  0.822  0.416
6  13  0.415  1.089  1.596  1.258  1.690  1.471  1.620  1.218  1.316  1.520  1.180  1.180  1.521  1.317  1.219  1.620  1.470  1.688  1.254  1.595  1.090  0.428
6  14  0.415  1.087  1.389  1.710  1.362  1.678  1.465  1.209  1.550  1.366  1.613  1.613  1.366  1.551  1.210  1.464  1.676  1.360  1.706  1.386  1.083  0.403
6  15  0.381  0.969  1.240  1.242  1.690  1.297  1.626  1.378  1.194  1.243  1.100  1.101  1.245  1.194  1.378  1.625  1.296  1.688  1.238  1.233  0.963  0.375
6  16  0.300  0.785  0.831  1.494  1.475  1.713  1.356  1.622  1.427  1.590  1.161  1.162  1.590  1.426  1.621  1.354  1.711  1.472  1.488  0.801  0.775  0.297
6  17  0.000  0.405  0.902  1.131  1.628  1.349  1.736  1.310  1.656  1.449  1.601  1.600  1.448  1.654  1.310  1.734  1.347  1.625  1.126  0.898  0.393  0.000
6  18  0.000  0.224  0.463  0.765  1.257  1.637  1.492  1.698  1.312  1.645  1.267  1.266  1.642  1.307  1.696  1.492  1.635  1.254  0.753  0.459  0.225  0.000
6  19  0.000  0.000  0.000  0.470  0.990  1.124  1.495  1.189  1.676  1.196  1.666  1.663  1.166  1.669  1.186  1.493  1.124  0.988  0.467  0.000  0.000  0.000
6  20  0.000  0.000  0.000  0.000  0.442  0.887  0.935  1.199  1.343  1.539  1.313  1.309  1.528  1.334  1.195  0.934  0.888  0.447  0.000  0.000  0.000  0.000
6  21  0.000  0.000  0.000  0.000  0.226  0.387  0.748  0.940  1.034  1.017  0.737  0.732  1.001  1.022  0.934  0.747  0.396  0.224  0.000  0.000  0.000  0.000
6  22  0.000  0.000  0.000  0.000  0.000  0.000  0.284  0.348  0.393  0.432  0.377  0.363  0.376  0.374  0.349  0.281  0.000  0.000  0.000  0.000  0.000  0.000


        1      2      3      4      5      6      7      8      9      10     11     12     13     14     15     16     17     18     19      20     21    22
5  1  0.000  0.000  0.000  0.000  0.000  0.000  0.248  0.331  0.405  0.360  0.338  0.353  0.399  0.370  0.326  0.249  0.000  0.000  0.000  0.000  0.000  0.000
5  2  0.000  0.000  0.000  0.000  0.204  0.353  0.712  0.902  0.999  0.969  0.699  0.701  0.976  1.000  0.902  0.717  0.371  0.219  0.000  0.000  0.000  0.000
5  3  0.000  0.000  0.000  0.000  0.415  0.848  0.898  1.169  1.312  1.530  1.303  1.306  1.537  1.318  1.171  0.902  0.854  0.423  0.000  0.000  0.000  0.000
5  4  0.000  0.000  0.000  0.442  0.962  1.113  1.509  1.157  1.680  1.154  1.706  1.709  1.183  1.686  1.159  1.511  1.118  0.970  0.451  0.000  0.000  0.000
5  5  0.000  0.213  0.437  0.734  1.245  1.671  1.495  1.716  1.305  1.678  1.266  1.268  1.682  1.310  1.719  1.497  1.676  1.251  0.749  0.441  0.220  0.000
5  6  0.000  0.375  0.871  1.119  1.656  1.341  1.759  1.286  1.693  1.463  1.642  1.643  1.465  1.696  1.290  1.762  1.346  1.661  1.123  0.870  0.389  0.000
5  7  0.266  0.746  0.772  1.502  1.461  1.723  1.360  1.649  1.430  1.624  1.154  1.154  1.625  1.432  1.651  1.364  1.726  1.464  1.503  0.773  0.749  0.266
5  8  0.341  0.936  1.224  1.221  1.698  1.262  1.649  1.375  1.164  1.240  1.065  1.064  1.237  1.164  1.374  1.651  1.263  1.700  1.223  1.223  0.934  0.338
5  9  0.396  1.066  1.390  1.742  1.361  1.710  1.469  1.180  1.567  1.357  1.629  1.629  1.356  1.567  1.180  1.471  1.713  1.364  1.742  1.390  1.066  0.395
5  10  0.384  1.063  1.627  1.260  1.728  1.482  1.653  1.198  1.305  1.532  1.139  1.139  1.531  1.306  1.198  1.654  1.486  1.730  1.256  1.628  1.067  0.377
5  11  0.359  0.782  1.444  1.785  1.307  1.690  1.164  1.067  1.505  1.082  1.032  1.030  1.076  1.505  1.068  1.163  1.690  1.306  1.786  1.446  0.791  0.392
5  12  0.369  0.792  1.445  1.786  1.306  1.690  1.162  1.066  1.504  1.076  1.029  1.031  1.082  1.505  1.068  1.164  1.690  1.307  1.786  1.448  0.802  0.399
5  13  0.389  1.070  1.631  1.261  1.731  1.486  1.652  1.196  1.305  1.529  1.138  1.139  1.531  1.305  1.197  1.652  1.484  1.729  1.257  1.631  1.072  0.407
5  14  0.391  1.072  1.395  1.746  1.365  1.714  1.469  1.178  1.566  1.355  1.628  1.628  1.355  1.566  1.178  1.468  1.712  1.363  1.742  1.391  1.069  0.377
5  15  0.357  0.947  1.233  1.227  1.702  1.263  1.650  1.374  1.163  1.236  1.063  1.064  1.238  1.162  1.375  1.649  1.262  1.699  1.221  1.224  0.940  0.355
5  16  0.282  0.763  0.809  1.509  1.466  1.725  1.363  1.650  1.431  1.623  1.152  1.153  1.623  1.429  1.649  1.360  1.723  1.461  1.501  0.773  0.751  0.279
5  17  0.000  0.385  0.875  1.124  1.661  1.344  1.759  1.285  1.694  1.462  1.643  1.642  1.461  1.691  1.285  1.757  1.341  1.657  1.118  0.870  0.372  0.000
5  18  0.000  0.206  0.441  0.749  1.250  1.673  1.494  1.716  1.308  1.678  1.266  1.264  1.673  1.301  1.712  1.494  1.671  1.246  0.734  0.437  0.207  0.000
5  19  0.000  0.000  0.000  0.451  0.967  1.113  1.508  1.158  1.684  1.176  1.704  1.699  1.135  1.673  1.153  1.506  1.113  0.963  0.447  0.000  0.000  0.000
5  20  0.000  0.000  0.000  0.000  0.415  0.849  0.898  1.170  1.317  1.535  1.302  1.295  1.519  1.304  1.163  0.897  0.850  0.418  0.000  0.000  0.000  0.000
5  21  0.000  0.000  0.000  0.000  0.207  0.359  0.715  0.901  1.000  0.976  0.698  0.693  0.955  0.982  0.892  0.712  0.368  0.203  0.000  0.000  0.000  0.000
5  22  0.000  0.000  0.000  0.000  0.000  0.000  0.260  0.322  0.367  0.410  0.352  0.334  0.347  0.342  0.320  0.258  0.000  0.000  0.000  0.000  0.000  0.000


        1      2      3      4      5      6      7      8      9      10     11     12     13     14     15     16     17     18     19      20     21    22
4  1  0.000  0.000  0.000  0.000  0.000  0.000  0.233  0.307  0.382  0.333  0.313  0.332  0.376  0.344  0.303  0.234  0.000  0.000  0.000  0.000  0.000  0.000
4  2  0.000  0.000  0.000  0.000  0.193  0.329  0.669  0.853  0.943  0.909  0.658  0.661  0.918  0.944  0.852  0.674  0.347  0.204  0.000  0.000  0.000  0.000
4  3  0.000  0.000  0.000  0.000  0.389  0.816  0.854  1.112  1.225  1.427  1.254  1.258  1.437  1.232  1.113  0.857  0.823  0.400  0.000  0.000  0.000  0.000
4  4  0.000  0.000  0.000  0.420  0.924  1.085  1.487  1.100  1.582  1.072  1.697  1.702  1.102  1.590  1.103  1.491  1.091  0.933  0.429  0.000  0.000  0.000
4  5  0.000  0.200  0.417  0.712  1.210  1.670  1.483  1.707  1.269  1.663  1.239  1.243  1.669  1.276  1.712  1.484  1.677  1.218  0.729  0.420  0.206  0.000
4  6  0.000  0.355  0.838  1.094  1.654  1.314  1.763  1.244  1.687  1.446  1.650  1.651  1.447  1.691  1.251  1.768  1.323  1.661  1.099  0.836  0.372  0.000
4  7  0.248  0.713  0.742  1.484  1.447  1.725  1.350  1.648  1.405  1.621  1.138  1.139  1.622  1.408  1.650  1.356  1.729  1.452  1.487  0.743  0.717  0.249
4  8  0.320  0.912  1.193  1.183  1.698  1.222  1.647  1.349  1.116  1.223  1.029  1.028  1.219  1.115  1.347  1.649  1.223  1.701  1.186  1.193  0.909  0.316
4  9  0.373  1.027  1.335  1.690  1.343  1.710  1.445  1.131  1.550  1.324  1.551  1.550  1.322  1.549  1.130  1.447  1.714  1.345  1.691  1.335  1.026  0.372
4  10  0.361  1.017  1.574  1.213  1.731  1.466  1.654  1.164  1.292  1.511  1.061  1.060  1.509  1.294  1.163  1.654  1.472  1.733  1.209  1.576  1.021  0.353
4  11  0.345  0.757  1.439  1.806  1.285  1.702  1.134  1.037  1.488  1.041  0.982  0.979  1.031  1.488  1.039  1.133  1.703  1.284  1.807  1.442  0.766  0.373
4  12  0.347  0.762  1.440  1.807  1.284  1.703  1.132  1.036  1.487  1.031  0.978  0.981  1.041  1.488  1.038  1.135  1.702  1.285  1.808  1.445  0.773  0.382
4  13  0.364  1.023  1.579  1.215  1.735  1.472  1.653  1.162  1.293  1.508  1.058  1.060  1.510  1.292  1.163  1.652  1.468  1.733  1.210  1.580  1.027  0.386
4  14  0.369  1.034  1.341  1.696  1.346  1.715  1.447  1.128  1.548  1.321  1.548  1.549  1.321  1.548  1.129  1.444  1.712  1.343  1.691  1.337  1.031  0.353
4  15  0.337  0.924  1.205  1.191  1.703  1.224  1.649  1.348  1.115  1.217  1.027  1.028  1.220  1.113  1.349  1.647  1.222  1.698  1.183  1.195  0.917  0.337
4  16  0.268  0.732  0.782  1.495  1.454  1.729  1.355  1.649  1.408  1.620  1.135  1.137  1.619  1.404  1.647  1.351  1.725  1.447  1.484  0.744  0.719  0.265
4  17  0.000  0.367  0.842  1.101  1.661  1.319  1.764  1.244  1.689  1.445  1.650  1.649  1.442  1.685  1.244  1.761  1.315  1.654  1.093  0.837  0.354  0.000
4  18  0.000  0.193  0.421  0.729  1.216  1.674  1.481  1.708  1.275  1.666  1.241  1.238  1.657  1.265  1.703  1.480  1.670  1.210  0.713  0.416  0.194  0.000
4  19  0.000  0.000  0.000  0.428  0.930  1.085  1.487  1.102  1.589  1.101  1.697  1.688  1.051  1.573  1.096  1.484  1.085  0.924  0.424  0.000  0.000  0.000
4  20  0.000  0.000  0.000  0.000  0.390  0.817  0.854  1.113  1.232  1.437  1.253  1.245  1.413  1.214  1.105  0.852  0.818  0.392  0.000  0.000  0.000  0.000
4  21  0.000  0.000  0.000  0.000  0.192  0.335  0.672  0.853  0.946  0.920  0.658  0.652  0.896  0.924  0.841  0.668  0.344  0.188  0.000  0.000  0.000  0.000
4  22  0.000  0.000  0.000  0.000  0.000  0.000  0.241  0.306  0.349  0.388  0.331  0.310  0.328  0.315  0.296  0.239  0.000  0.000  0.000  0.000  0.000  0.000


        1      2      3      4      5      6      7      8      9      10     11     12     13     14     15     16     17     18     19      20     21    22
3  1  0.000  0.000  0.000  0.000  0.000  0.000  0.217  0.285  0.356  0.309  0.293  0.312  0.351  0.319  0.281  0.219  0.000  0.000  0.000  0.000  0.000  0.000
3  2  0.000  0.000  0.000  0.000  0.182  0.307  0.612  0.781  0.860  0.830  0.614  0.617  0.840  0.862  0.781  0.617  0.324  0.190  0.000  0.000  0.000  0.000
3  3  0.000  0.000  0.000  0.000  0.363  0.756  0.795  1.021  1.117  1.261  1.152  1.157  1.272  1.124  1.022  0.799  0.764  0.375  0.000  0.000  0.000  0.000
3  4  0.000  0.000  0.000  0.397  0.856  1.018  1.349  1.017  1.405  0.983  1.540  1.546  1.012  1.414  1.020  1.354  1.024  0.865  0.403  0.000  0.000  0.000
3  5  0.000  0.188  0.394  0.675  1.125  1.537  1.390  1.560  1.175  1.511  1.155  1.160  1.518  1.184  1.566  1.392  1.545  1.134  0.691  0.398  0.194  0.000
3  6  0.000  0.334  0.779  1.024  1.522  1.236  1.635  1.158  1.536  1.349  1.515  1.516  1.350  1.541  1.165  1.642  1.246  1.530  1.030  0.777  0.353  0.000
3  7  0.231  0.659  0.698  1.352  1.358  1.597  1.272  1.520  1.312  1.487  1.072  1.072  1.488  1.315  1.524  1.280  1.603  1.363  1.356  0.699  0.663  0.233
3  8  0.300  0.849  1.110  1.101  1.560  1.138  1.520  1.263  1.045  1.156  0.963  0.961  1.151  1.042  1.260  1.523  1.139  1.564  1.106  1.110  0.845  0.295
3  9  0.349  0.949  1.236  1.533  1.256  1.565  1.350  1.058  1.419  1.235  1.385  1.384  1.232  1.417  1.057  1.352  1.569  1.259  1.534  1.236  0.949  0.348
3  10  0.337  0.937  1.424  1.135  1.592  1.372  1.520  1.096  1.213  1.376  0.984  0.983  1.373  1.214  1.095  1.521  1.378  1.594  1.131  1.426  0.940  0.330
3  11  0.326  0.716  1.350  1.673  1.209  1.572  1.066  0.976  1.355  0.977  0.923  0.918  0.964  1.355  0.978  1.065  1.572  1.207  1.675  1.353  0.726  0.353
3  12  0.326  0.717  1.350  1.674  1.208  1.573  1.064  0.975  1.354  0.964  0.917  0.921  0.976  1.356  0.978  1.066  1.572  1.209  1.675  1.356  0.728  0.362
3  13  0.339  0.942  1.428  1.136  1.596  1.379  1.519  1.095  1.213  1.372  0.981  0.984  1.374  1.213  1.096  1.519  1.374  1.594  1.132  1.429  0.947  0.364
3  14  0.344  0.955  1.242  1.540  1.260  1.570  1.351  1.056  1.416  1.231  1.382  1.383  1.231  1.417  1.056  1.348  1.567  1.256  1.534  1.238  0.954  0.330
3  15  0.316  0.861  1.122  1.111  1.567  1.141  1.523  1.261  1.043  1.149  0.961  0.962  1.152  1.041  1.263  1.520  1.137  1.561  1.102  1.112  0.854  0.318
3  16  0.252  0.678  0.738  1.366  1.366  1.603  1.278  1.522  1.315  1.486  1.068  1.070  1.484  1.310  1.520  1.274  1.597  1.357  1.353  0.701  0.665  0.250
3  17  0.000  0.347  0.783  1.033  1.531  1.242  1.637  1.158  1.539  1.349  1.515  1.513  1.345  1.533  1.158  1.634  1.236  1.522  1.024  0.779  0.335  0.000
3  18  0.000  0.182  0.398  0.691  1.132  1.541  1.388  1.563  1.183  1.516  1.158  1.155  1.504  1.171  1.556  1.388  1.537  1.125  0.675  0.394  0.182  0.000
3  19  0.000  0.000  0.000  0.402  0.862  1.017  1.350  1.018  1.415  1.017  1.542  1.531  0.962  1.395  1.012  1.346  1.017  0.856  0.397  0.000  0.000  0.000
3  20  0.000  0.000  0.000  0.000  0.364  0.757  0.795  1.023  1.125  1.273  1.153  1.144  1.246  1.105  1.014  0.793  0.758  0.366  0.000  0.000  0.000  0.000
3  21  0.000  0.000  0.000  0.000  0.179  0.313  0.616  0.783  0.865  0.842  0.614  0.608  0.818  0.842  0.769  0.611  0.321  0.176  0.000  0.000  0.000  0.000
3  22  0.000  0.000  0.000  0.000  0.000  0.000  0.224  0.286  0.328  0.364  0.311  0.289  0.307  0.292  0.275  0.222  0.000  0.000  0.000  0.000  0.000  0.000


        1      2      3      4      5      6      7      8      9      10     11     12     13     14     15     16     17     18     19      20     21    22
2  1  0.000  0.000  0.000  0.000  0.000  0.000  0.189  0.246  0.303  0.268  0.257  0.272  0.301  0.274  0.243  0.190  0.000  0.000  0.000  0.000  0.000  0.000
2  2  0.000  0.000  0.000  0.000  0.159  0.267  0.499  0.630  0.692  0.675  0.526  0.528  0.682  0.693  0.630  0.504  0.281  0.165  0.000  0.000  0.000  0.000
2  3  0.000  0.000  0.000  0.000  0.315  0.617  0.665  0.830  0.897  0.948  0.936  0.940  0.957  0.904  0.831  0.669  0.623  0.324  0.000  0.000  0.000  0.000
2  4  0.000  0.000  0.000  0.345  0.697  0.843  1.023  0.849  1.063  0.824  1.171  1.176  0.847  1.071  0.853  1.027  0.849  0.704  0.348  0.000  0.000  0.000
2  5  0.000  0.164  0.341  0.573  0.923  1.179  1.129  1.190  0.967  1.149  0.961  0.964  1.156  0.975  1.196  1.132  1.186  0.931  0.585  0.345  0.169  0.000
2  6  0.000  0.289  0.630  0.843  1.167  1.034  1.259  0.966  1.166  1.096  1.155  1.156  1.097  1.170  0.973  1.265  1.044  1.175  0.849  0.633  0.306  0.000
2  7  0.200  0.533  0.598  1.028  1.104  1.230  1.048  1.165  1.075  1.143  0.895  0.895  1.143  1.077  1.168  1.054  1.235  1.109  1.032  0.599  0.536  0.202
2  8  0.260  0.683  0.898  0.915  1.196  0.952  1.166  1.036  0.888  0.967  0.814  0.813  0.963  0.885  1.034  1.168  0.953  1.199  0.919  0.898  0.682  0.256
2  9  0.301  0.765  0.998  1.173  1.039  1.194  1.104  0.898  1.094  1.011  1.056  1.055  1.009  1.092  0.897  1.106  1.197  1.041  1.174  0.999  0.765  0.301
2  10  0.293  0.762  1.085  0.954  1.224  1.122  1.171  0.927  0.995  1.053  0.832  0.831  1.050  0.995  0.925  1.171  1.126  1.226  0.951  1.087  0.765  0.288
2  11  0.287  0.615  1.091  1.292  1.015  1.210  0.895  0.827  1.038  0.826  0.787  0.783  0.814  1.038  0.828  0.894  1.210  1.014  1.293  1.095  0.624  0.309
2  12  0.287  0.613  1.092  1.292  1.014  1.210  0.893  0.826  1.037  0.813  0.782  0.785  0.826  1.039  0.828  0.896  1.210  1.015  1.293  1.096  0.622  0.315
2  13  0.294  0.765  1.089  0.955  1.228  1.127  1.170  0.925  0.994  1.049  0.829  0.831  1.052  0.995  0.926  1.170  1.124  1.226  0.952  1.090  0.770  0.316
2  14  0.296  0.771  1.004  1.179  1.042  1.198  1.106  0.896  1.091  1.008  1.053  1.054  1.009  1.091  0.897  1.103  1.195  1.039  1.174  1.001  0.769  0.286
2  15  0.273  0.694  0.910  0.924  1.203  0.954  1.168  1.035  0.886  0.961  0.812  0.813  0.964  0.884  1.036  1.166  0.951  1.196  0.916  0.900  0.688  0.275
2  16  0.218  0.549  0.631  1.040  1.112  1.235  1.053  1.167  1.077  1.141  0.891  0.893  1.140  1.073  1.164  1.049  1.230  1.104  1.028  0.601  0.539  0.215
2  17  0.000  0.300  0.638  0.851  1.176  1.040  1.262  0.967  1.169  1.096  1.155  1.153  1.092  1.163  0.967  1.258  1.035  1.167  0.843  0.631  0.291  0.000
2  18  0.000  0.160  0.345  0.585  0.929  1.183  1.128  1.193  0.974  1.155  0.963  0.959  1.143  0.963  1.186  1.127  1.178  0.923  0.573  0.340  0.160  0.000
2  19  0.000  0.000  0.000  0.347  0.701  0.843  1.024  0.852  1.072  0.854  1.172  1.163  0.807  1.054  0.846  1.020  0.843  0.697  0.343  0.000  0.000  0.000
2  20  0.000  0.000  0.000  0.000  0.315  0.618  0.666  0.832  0.905  0.958  0.938  0.929  0.935  0.888  0.823  0.663  0.618  0.316  0.000  0.000  0.000  0.000
2  21  0.000  0.000  0.000  0.000  0.157  0.272  0.503  0.632  0.697  0.685  0.527  0.521  0.664  0.676  0.620  0.498  0.279  0.154  0.000  0.000  0.000  0.000
2  22  0.000  0.000  0.000  0.000  0.000  0.000  0.194  0.247  0.283  0.311  0.272  0.254  0.266  0.253  0.237  0.191  0.000  0.000  0.000  0.000  0.000  0.000


        1      2      3      4      5      6      7      8      9      10     11     12     13     14     15     16     17     18     19      20     21    22
1  1  0.000  0.000  0.000  0.000  0.000  0.000  0.063  0.081  0.091  0.090  0.086  0.088  0.092  0.090  0.080  0.063  0.000  0.000  0.000  0.000  0.000  0.000
1  2  0.000  0.000  0.000  0.000  0.052  0.089  0.129  0.160  0.175  0.174  0.164  0.164  0.176  0.175  0.160  0.130  0.091  0.054  0.000  0.000  0.000  0.000
1  3  0.000  0.000  0.000  0.000  0.105  0.160  0.190  0.215  0.231  0.228  0.247  0.248  0.230  0.232  0.216  0.191  0.161  0.107  0.000  0.000  0.000  0.000
1  4  0.000  0.000  0.000  0.109  0.177  0.231  0.245  0.256  0.256  0.259  0.282  0.284  0.263  0.258  0.257  0.246  0.233  0.179  0.111  0.000  0.000  0.000
1  5  0.000  0.053  0.106  0.169  0.242  0.283  0.299  0.287  0.280  0.278  0.283  0.284  0.280  0.282  0.289  0.300  0.285  0.245  0.171  0.107  0.055  0.000
1  6  0.000  0.092  0.159  0.229  0.280  0.309  0.305  0.298  0.287  0.294  0.280  0.280  0.295  0.288  0.300  0.306  0.311  0.282  0.231  0.160  0.094  0.000
1  7  0.066  0.134  0.189  0.247  0.293  0.298  0.294  0.281  0.290  0.277  0.256  0.257  0.278  0.291  0.282  0.295  0.299  0.295  0.248  0.189  0.135  0.067
1  8  0.086  0.171  0.230  0.271  0.290  0.294  0.282  0.278  0.271  0.269  0.245  0.244  0.269  0.270  0.278  0.282  0.295  0.291  0.272  0.230  0.171  0.086
1  9  0.098  0.193  0.258  0.284  0.297  0.295  0.299  0.275  0.267  0.271  0.258  0.258  0.270  0.267  0.275  0.299  0.296  0.298  0.284  0.258  0.193  0.098
1  10  0.100  0.198  0.261  0.293  0.298  0.304  0.285  0.269  0.270  0.256  0.248  0.248  0.256  0.269  0.269  0.285  0.305  0.298  0.293  0.262  0.199  0.099
1  11  0.097  0.188  0.282  0.313  0.302  0.295  0.261  0.245  0.254  0.246  0.231  0.231  0.245  0.254  0.245  0.261  0.295  0.302  0.314  0.283  0.190  0.101
1  12  0.098  0.189  0.282  0.313  0.302  0.295  0.261  0.245  0.254  0.245  0.230  0.231  0.246  0.254  0.245  0.261  0.295  0.302  0.314  0.284  0.191  0.102
1  13  0.099  0.199  0.262  0.294  0.298  0.305  0.285  0.269  0.269  0.255  0.248  0.248  0.256  0.269  0.269  0.285  0.305  0.298  0.294  0.262  0.200  0.102
1  14  0.099  0.194  0.260  0.285  0.298  0.296  0.299  0.275  0.267  0.270  0.258  0.258  0.270  0.267  0.275  0.299  0.295  0.297  0.284  0.259  0.194  0.097
1  15  0.088  0.174  0.233  0.273  0.291  0.295  0.282  0.278  0.270  0.269  0.244  0.244  0.269  0.270  0.278  0.282  0.294  0.290  0.271  0.231  0.172  0.087
1  16  0.069  0.138  0.194  0.250  0.296  0.300  0.295  0.282  0.291  0.277  0.256  0.256  0.277  0.290  0.281  0.294  0.298  0.294  0.247  0.189  0.135  0.068
1  17  0.000  0.096  0.162  0.232  0.282  0.311  0.306  0.299  0.288  0.294  0.280  0.279  0.293  0.286  0.298  0.304  0.309  0.280  0.229  0.159  0.092  0.000
1  18  0.000  0.053  0.107  0.171  0.244  0.284  0.299  0.288  0.282  0.279  0.283  0.282  0.276  0.279  0.287  0.298  0.282  0.243  0.169  0.106  0.053  0.000
1  19  0.000  0.000  0.000  0.111  0.178  0.232  0.246  0.257  0.259  0.262  0.283  0.280  0.255  0.254  0.254  0.245  0.231  0.177  0.110  0.000  0.000  0.000
1  20  0.000  0.000  0.000  0.000  0.106  0.160  0.190  0.216  0.233  0.230  0.247  0.245  0.225  0.228  0.213  0.189  0.160  0.105  0.000  0.000  0.000  0.000
1  21  0.000  0.000  0.000  0.000  0.052  0.090  0.129  0.160  0.176  0.177  0.164  0.162  0.171  0.171  0.157  0.128  0.090  0.052  0.000  0.000  0.000  0.000
1  22  0.000  0.000  0.000  0.000  0.000  0.000  0.064  0.081  0.091  0.094  0.088  0.085  0.087  0.086  0.079  0.063  0.000  0.000  0.000  0.000  0.000  0.000
