    1 2 3 4 5 6 7 8 9 10  11  12  13  14  15  16  17  18  19  20  21  22
25  1 0 0 0 0 0 0 0.061 0.069 0.075 0.078 0.079 0.079 0.078 0.075 0.068 0.06  0 0 0 0 0 0
25  2 0 0 0 0 0.055 0.076 0.094 0.107 0.115 0.119 0.123 0.123 0.118 0.114 0.105 0.092 0.075 0.053 0 0 0 0
25  3 0 0 0 0 0.085 0.108 0.131 0.143 0.153 0.146 0.16  0.16  0.145 0.151 0.141 0.13  0.106 0.083 0 0 0 0
25  4 0 0 0 0.091 0.114 0.143 0.149 0.178 0.17  0.192 0.178 0.177 0.19  0.168 0.176 0.148 0.141 0.112 0.09  0 0 0
25  5 0 0.054 0.083 0.115 0.143 0.156 0.187 0.185 0.212 0.199 0.219 0.218 0.198 0.21  0.184 0.186 0.155 0.142 0.114 0.083 0.053 0
25  6 0 0.075 0.106 0.142 0.156 0.194 0.193 0.225 0.215 0.235 0.223 0.222 0.235 0.214 0.224 0.192 0.193 0.155 0.141 0.105 0.075 0
25  7 0.061 0.092 0.132 0.149 0.188 0.194 0.229 0.224 0.246 0.235 0.252 0.252 0.235 0.245 0.223 0.228 0.193 0.187 0.149 0.132 0.092 0.06
25  8 0.069 0.105 0.143 0.179 0.188 0.228 0.226 0.25  0.26  0.261 0.263 0.263 0.261 0.259 0.249 0.225 0.228 0.188 0.179 0.143 0.105 0.069
25  9 0.076 0.115 0.155 0.173 0.216 0.22  0.249 0.261 0.251 0.269 0.253 0.253 0.269 0.25  0.261 0.249 0.22  0.216 0.173 0.155 0.116 0.076
25  10  0.079 0.121 0.149 0.197 0.207 0.243 0.241 0.265 0.272 0.257 0.272 0.272 0.257 0.272 0.264 0.241 0.243 0.207 0.197 0.149 0.121 0.08
25  11  0.08  0.124 0.163 0.184 0.227 0.231 0.26  0.269 0.259 0.274 0.268 0.268 0.274 0.258 0.269 0.26  0.231 0.227 0.184 0.164 0.124 0.08
25  12  0.08  0.124 0.163 0.184 0.227 0.231 0.261 0.27  0.259 0.274 0.268 0.268 0.274 0.259 0.27  0.261 0.231 0.228 0.184 0.164 0.124 0.08
25  13  0.079 0.121 0.149 0.197 0.207 0.244 0.241 0.265 0.273 0.258 0.272 0.272 0.258 0.273 0.265 0.241 0.244 0.207 0.198 0.149 0.122 0.08
25  14  0.075 0.115 0.155 0.174 0.217 0.221 0.25  0.262 0.252 0.27  0.255 0.255 0.27  0.252 0.262 0.25  0.221 0.217 0.174 0.155 0.116 0.077
25  15  0.069 0.105 0.143 0.179 0.189 0.229 0.227 0.251 0.261 0.263 0.265 0.265 0.263 0.261 0.251 0.227 0.229 0.189 0.18  0.143 0.106 0.07
25  16  0.06  0.092 0.131 0.149 0.188 0.195 0.23  0.225 0.247 0.237 0.254 0.254 0.237 0.247 0.225 0.23  0.195 0.189 0.15  0.132 0.093 0.061
25  17  0 0.075 0.105 0.142 0.156 0.194 0.194 0.226 0.216 0.237 0.225 0.225 0.238 0.216 0.227 0.194 0.195 0.156 0.143 0.106 0.076 0
25  18  0 0.054 0.083 0.115 0.143 0.156 0.188 0.187 0.213 0.202 0.222 0.222 0.202 0.214 0.187 0.188 0.157 0.144 0.116 0.084 0.054 0
25  19  0 0 0 0.09  0.113 0.143 0.15  0.179 0.172 0.194 0.181 0.181 0.195 0.172 0.179 0.15  0.144 0.114 0.091 0 0 0
25  20  0 0 0 0 0.085 0.108 0.132 0.144 0.155 0.148 0.163 0.163 0.149 0.155 0.144 0.132 0.108 0.086 0 0 0 0
25  21  0 0 0 0 0.054 0.077 0.094 0.108 0.116 0.12  0.125 0.125 0.121 0.116 0.107 0.094 0.076 0.055 0 0 0 0
25  22  0 0 0 0 0 0 0.061 0.07  0.077 0.079 0.081 0.081 0.08  0.077 0.069 0.06  0 0 0 0 0 0
